window_end,n_obs,CumRet_1_5_beta,CumRet_1_5_se,CumRet_1_5_pval,CumRet_6_20_beta,CumRet_6_20_se,CumRet_6_20_pval,CumRet_21_60_beta,CumRet_21_60_se,CumRet_21_60_pval
2017-12-08,997,4.31159889028061,4.073973302575819,0.28990605797199864,1.8028954473161696,1.2676900977055794,0.1549712687568372,1.6884500594358798,1.1314396541856775,0.13561989989948092
2017-12-11,997,4.153862539202922,3.865324523924819,0.2825324375312759,1.926426142086962,1.4121548334768195,0.17251253408205824,1.6795644105099126,1.1208394428711832,0.134006518398675
2017-12-12,997,4.161487200354145,3.853633472365737,0.28019267504660705,2.0766526039198476,1.5805524785514486,0.18888737520612997,1.6464750306140647,1.0900535113755139,0.13092777198351144
2017-12-13,997,4.150037091777523,3.831452650753683,0.27874194686128173,2.075385263118581,1.5781263864689035,0.188478159305967,1.6474005123345647,1.0879085907778605,0.12995430489847085
2017-12-14,997,4.165575072918413,3.8451141802478537,0.278656489468764,2.0899675101111144,1.590243374212822,0.18876416992361944,1.6441878933525476,1.0832329698889942,0.1290515815855683
2017-12-15,997,4.167573099416546,3.8482549587934614,0.27881846031474444,2.1311246655086107,1.6348105973248623,0.19237301162375697,1.6315282416449766,1.0727812152960194,0.12830007377251007
2017-12-18,997,4.921744044784232,4.7337988485361455,0.2984779868407801,2.2937648331558202,1.7822383304503469,0.1980895746207587,1.6569432433163012,1.1059294897028646,0.1340719763501647
2017-12-19,997,5.5011097082519775,5.397779576836425,0.3081350441302705,2.3806901324957264,1.8508173704411552,0.1983414457137821,1.6907687631632773,1.1433349608142886,0.13919260132001451
2017-12-20,997,5.578195543891746,5.487756558229223,0.30940080103677725,2.384204893667394,1.8919141929380052,0.20759443443004655,1.6843671721713043,1.1767702274954897,0.15233063488064372
2017-12-21,997,5.592405025028787,5.493533274168836,0.30867898102446545,2.3699487215517734,1.8774215412403283,0.2068256236890611,1.6801343005212233,1.1721329602819537,0.15174382273022388
2017-12-22,997,5.605363678531971,5.503115398981876,0.3084023690856017,2.3650401306643802,1.8706431231854586,0.20612504905789897,1.6828105304686307,1.171280128019916,0.15079539890186394
2017-12-26,997,5.63761488428474,5.530653560557847,0.30804171038251693,2.3601831085906158,1.8641757954211777,0.20548685844550285,1.6898904047214343,1.1737450597470571,0.14994032280245792
2017-12-27,997,5.670220196475449,5.5603579632845666,0.3078431887142379,2.3520385381179034,1.8542165963546031,0.2046262286134951,1.695435644576107,1.1771580569267404,0.1497885726366647
2017-12-28,997,5.702986383266825,5.590990862242233,0.3077135566565471,2.3431709170913098,1.8441036586290869,0.20386079442569505,1.7057066965886194,1.1831154183355106,0.1493848295075766
2017-12-29,997,5.674913000392138,5.54719757833634,0.3062967758792391,2.3514571822139896,1.8549685922063919,0.2049217647589192,1.7161708747453674,1.1898716302787318,0.14921325219593695
2018-01-02,997,5.648338893770182,5.523973084960267,0.3065377688227202,2.326785914384903,1.861739215727998,0.21137570870914857,1.7156028113429582,1.2081049555535914,0.15558508459753226
2018-01-03,997,6.09309682963913,6.004934954628942,0.31025764199193395,2.2883543133080355,1.8301467176256425,0.21116566280117266,1.7662089391071985,1.2723753629681702,0.1651006867928878
2018-01-04,997,6.06142161453416,5.981781611997627,0.31091031728213736,2.2835017795169668,1.8230984919854427,0.2103735629895025,1.7661626662094838,1.2700039494364082,0.16432402011363334
2018-01-05,997,6.1497780528410395,6.093498921380453,0.31286149875201563,2.318064700542241,1.8548931165581914,0.21140821704323887,1.774602043431007,1.274664704339345,0.16385855531668503
2018-01-08,997,6.129857329834389,6.011777696678974,0.30789857056363124,2.312699208114984,1.8416295396258413,0.20919226615715025,1.7589391274610187,1.284596531219621,0.1709198456660872
2018-01-09,997,7.1097771627781885,7.1969428874997465,0.323207254820411,2.3077445622931996,1.7951021421049602,0.19859023468905035,1.8526311492645857,1.3791573326057216,0.17917271542075408
2018-01-10,997,6.948389644851836,7.050467705187351,0.32436782718340373,2.092936807780689,1.5668921808176257,0.18163922713901037,1.8118156771601668,1.339593662675392,0.1762117798878411
2018-01-11,997,7.10785401359438,7.2415756366362185,0.32632938697277813,2.2106702202127058,1.7015109850504837,0.19386176201327998,1.8473875661808787,1.3761182929995792,0.1794459961968926
2018-01-12,997,7.15478096924625,7.340817706568104,0.329730320709947,2.266307076840606,1.7026323755796215,0.1831690321341919,1.8374735636733475,1.4202106867920365,0.19573330189133753
2018-01-16,997,7.230592156805424,7.457625502421684,0.3322674122706516,2.2569877439585584,1.6958900205824006,0.183235944350025,1.8394318051443235,1.4244941366805715,0.19660392251922365
2018-01-17,997,7.17534831011058,7.464339926672227,0.33640954086561503,2.3200800844884997,1.7221319242478181,0.1779113490260288,1.8198683419973292,1.4728531488447743,0.21660450943273324
2018-01-18,997,7.209920257300623,7.538899945917498,0.33888918673714663,2.3248563160549374,1.7414386598109939,0.18186963599110828,1.814383313181769,1.4685659198590626,0.21665204440218866
2018-01-19,997,7.267684483485502,7.6305523330280876,0.34087114304887156,2.3011096741335364,1.726203914896773,0.18251662304917338,1.9043732630512007,1.5545245641185543,0.22055566833655527
2018-01-22,997,7.41197376042084,7.794349222351693,0.3416338376246414,2.4339833813806884,1.7405365825943184,0.16199004764790548,1.9976436382483043,1.7471402308146213,0.2528812229072498
2018-01-23,997,7.609609149061435,8.082546448817311,0.34645555471735257,2.5194728542390883,1.8518923864188712,0.1736763187085003,2.0851592751360295,1.831041508593368,0.2547935982000348
2018-01-24,997,8.633912734052975,8.56917446206257,0.3136682444836896,2.659304475439272,1.938301818791407,0.17007076480841288,2.234887337698863,1.9669316687819163,0.25586019736332266
2018-01-25,997,8.713482089247828,8.364304569212386,0.29752938603300316,2.6518701066739947,1.8738494688200003,0.1570101244541813,2.2259114363070855,1.9459826426732254,0.2526860224086601
2018-01-26,997,8.910515471187855,8.103568536494906,0.27151550534744884,2.697271563903514,1.8215890496686191,0.13867999828790628,2.216691568720451,1.937438599901882,0.25256759971498177
2018-01-29,997,9.354938139938115,8.715988881201467,0.28313307327041204,2.8740521144292295,2.0388182277476026,0.15863841869117778,2.3126432339174223,2.031615540314375,0.25498387935914335
2018-01-30,997,9.52966191856548,8.675985835663667,0.27203192116844754,3.0052918285872403,2.0458563204929483,0.14184221654487358,2.3226862333195344,2.041653818346597,0.2552669117434899
2018-01-31,997,9.618651468243588,8.756475004227214,0.2720029804212215,3.021760681472024,2.0813768748478068,0.14655485407524943,2.3270400549228927,2.0464296358452336,0.2554873097403454
2018-02-01,997,9.631562060009376,8.695796291743605,0.2680297298516382,3.330774353357111,2.435463728128081,0.17143292389058606,2.487446045916617,2.1999821587429453,0.258195502003855
2018-02-02,997,9.788729982419568,8.857812821576061,0.2691181665875513,3.333105397340598,2.4447809238595246,0.17277051414315514,2.4719837331021117,2.1878331304838676,0.25852778722131464
2018-02-05,997,10.643227877090359,9.869018196431865,0.28083365256609083,3.191996417914017,2.2555647579596836,0.15702010861956714,2.39807070844211,2.1263941775435042,0.2594196196184063
2018-02-06,997,10.581900964813554,9.802297809118516,0.2803503271611105,3.24626054699566,2.323020705167246,0.16228408005826167,2.4058534995299445,2.142301441655382,0.2614277842799082
2018-02-07,997,10.5102189348084,9.774713838042636,0.2822647439230469,3.381118263268113,2.5173544480709382,0.17923194279846633,2.4648258965297583,2.21978619716008,0.26683149039074183
2018-02-08,997,10.849938435879025,10.310423263191447,0.29264947460248125,3.5320102924999817,2.7416372189736085,0.19764674883580546,2.5240598576816247,2.310514693606744,0.2746471297720129
2018-02-09,997,11.285729869844607,10.977110365495454,0.3038958192139364,3.6598057481138966,2.9486153266756174,0.2145338282205589,2.5619324122463176,2.389260603340702,0.2835987876859235
2018-02-12,997,11.454102593736478,11.30442580067655,0.31094527701340013,3.7844709331208435,3.1507535530915876,0.22969999975777922,2.604842980890399,2.4666339133290895,0.2909538479197603
2018-02-13,997,11.804113066780285,11.846529951041775,0.3190463780080295,3.888050202493946,3.3240308952904734,0.24213004273657068,2.7166207078479707,2.6046496688601777,0.29695343105666017
2018-02-14,997,11.899729290839304,12.004210893043357,0.3215409416078552,4.002378868631578,3.472413238640627,0.24906569024926717,2.879807881356603,2.7664858620754393,0.2978929792128744
2018-02-15,997,11.931230118924862,12.041084069488425,0.3217457718100888,3.9930184314851003,3.4838256986814224,0.2517293389241487,2.9268005781980255,2.820331533068362,0.2993862077111732
2018-02-16,997,12.65143284242705,12.956846619445571,0.3288522200148156,3.827275525654469,3.2809570576242084,0.24340753093923373,3.051669098933916,2.94616820547308,0.3002910115200721
2018-02-20,997,12.802301724949489,13.033483173917656,0.32597054542978443,3.782812340499338,3.2495842063119658,0.2443870592034576,3.070195797974063,2.949660749271088,0.2979386541782342
2018-02-21,997,12.803339972239188,12.934683053189264,0.32224955985132975,3.703781011924952,3.288497535346318,0.2600454754650857,3.0482734464859154,2.893276146633649,0.29207911834123546
2018-02-22,997,13.693767603904508,14.015038379408916,0.32853117647938135,2.9567360425545166,2.414097095778673,0.22065840320379948,3.2272257302130996,3.028669484933104,0.2866230858687542
2018-02-23,997,13.689871345426981,14.006451657095381,0.32837238211693853,2.9670274409053494,2.42834726717386,0.22177193681717133,3.208598027753033,3.018792801121667,0.28783884764958934
2018-02-26,997,13.719681946962982,14.024966955131942,0.3279592238228507,2.9344652424930264,2.435625547356409,0.22827678124063766,3.260212128443549,3.055127911518759,0.2859141000835961
2018-02-27,997,13.77298484089809,14.097132153110095,0.32856610664337593,2.9495648182364875,2.4374209713185806,0.2262339591260989,3.2875616562944225,3.0944770269066506,0.28805570831735483
2018-02-28,997,13.990358021527754,13.933718712267703,0.3153473277310823,2.7473427300174755,2.6162687490784453,0.2936723291046037,3.369783715071512,2.9494876878666654,0.2532470866667026
2018-03-01,997,13.94533877805123,13.834923751983734,0.3134636357139782,2.6838084415818106,2.510654495005836,0.2850842455253314,3.4195158475114695,2.98410967464616,0.25183312388510826
2018-03-02,997,13.982078334327811,13.878983050559459,0.31372906537556666,2.6672829350756295,2.479941842943575,0.2821318996667166,3.3858236193831623,2.9517887200241133,0.2513645454701541
2018-03-05,997,14.016748423764737,13.928720977965932,0.3142617342250441,2.653582427055522,2.464403410331794,0.2815854304588279,3.4207160288290717,2.9968931486219095,0.25369487334250806
2018-03-06,997,14.133437909416722,14.084090480726395,0.31561785834321476,2.747191032955374,2.5938971551512062,0.2895551957159521,3.430930791135638,3.0184369211347195,0.25568123951782995
2018-03-07,997,14.286156443034567,14.148874035347916,0.3126377441887854,2.8030839091460917,2.512481815061731,0.26456625891546737,3.411039285053754,2.934415600192823,0.2450627028834622
2018-03-08,997,15.520215893745164,15.574335716943107,0.31899509536440274,3.0985019582807363,2.840443540386994,0.2753382525114373,3.4855171844127835,3.018827549990289,0.24825713090073454
2018-03-09,997,15.840521882680955,16.05768767524201,0.323899636386909,3.175871402930775,2.9371150012639697,0.27956838815296914,3.4936998590409987,3.053116259133423,0.2524966737107933
2018-03-12,997,18.02791904850033,17.603255658239902,0.3057766440716766,4.21909468683098,3.707025577180622,0.2550642131032389,3.7674029645978155,3.2037141159143365,0.23961543692114873
2018-03-13,997,17.87553554959114,17.325094431638743,0.3021792577404028,4.114179986069423,3.4768437926094156,0.2366867716448411,3.7557071318758526,3.2041950249118227,0.24114812213557535
2018-03-14,997,17.731709806191418,17.274754969550543,0.30467849562304494,3.960048070062106,3.3025527486185706,0.230494118162333,3.7422296571266234,3.239164465275488,0.2479646955182342
2018-03-15,997,17.796752101150478,17.364109087796457,0.3054028550604453,4.047856777968299,3.4728966298207613,0.2437938579475355,3.776941509011613,3.3006258505947113,0.25249480342843456
2018-03-16,997,17.875678266898728,17.417277829507544,0.30474137676716584,4.051078367527355,3.4814519395039456,0.2445790602694491,3.8306541437551482,3.36690077548581,0.2552295052098933
2018-03-19,997,17.885496044373006,17.351939586977178,0.3026584949171949,4.106479942213603,3.5447267448917295,0.24666994589812008,3.8754336149004347,3.4004198638157805,0.2544143594252255
2018-03-20,997,17.938337145388576,17.21942269750272,0.2975275053623939,4.181898524120174,3.625068729669551,0.24866202169438145,3.9440881457674157,3.4158974949473047,0.24824312486883515
2018-03-21,997,17.89885477255163,17.1229049518199,0.29587672231748274,4.241299984406863,3.6972518238946908,0.2513199054483213,3.9507701427632456,3.4042789727891325,0.24583281586276218
2018-03-22,997,17.92964371192849,17.136914041064106,0.29544165352866425,4.252013420186395,3.7049440863060674,0.25110925212949564,3.9463034888824877,3.40074093634466,0.24587597009269058
2018-03-23,998,17.94595800507557,17.118555438031883,0.294484903161618,4.25348458454652,3.7141371434339594,0.2521202159504685,3.951051734010338,3.408666857414344,0.24640753692830564
2018-03-26,999,17.964666912748267,17.09088012324893,0.2932007657800465,4.26796870459458,3.7318316419667044,0.2527622080134352,3.8944255703012387,3.3445329666166708,0.24425572439427867
2018-03-27,1000,17.871758171084046,16.95144633195229,0.29174968457985007,4.249399059950636,3.697051100299284,0.25039012964179275,3.932995345526494,3.376025815373423,0.24402795295441637
2018-03-28,1000,18.511602570656894,17.73674219577285,0.29663034853146475,4.343460315372859,3.78962695588244,0.25173534317827817,3.925169317711186,3.381090888545902,0.2456752425381783
2018-03-29,1000,18.66992494895416,18.014710261088613,0.30002905125920754,4.387370217486708,3.8123274445066118,0.2497990043151883,3.9438725314196477,3.3339210803043917,0.23682770505830997
2018-03-30,998,18.671134557929996,18.015262555111793,0.3000125561309196,4.39305740625256,3.8163792855760024,0.24968859624614537,3.9325133438111513,3.3185242413266307,0.23601004603361164
2018-04-02,999,18.621921396042968,17.911814441752288,0.29850504177818016,4.40052576881133,3.801569506838868,0.24704568452888165,3.9631269214698834,3.3118594051920396,0.2314441376862234
2018-04-03,999,18.91991012257859,18.25730580744698,0.30006567736836764,4.535998554277989,3.958009564679969,0.2517826500717135,3.968928920255867,3.3285489634900265,0.23310830986561104
2018-04-04,999,19.165915735453147,18.46018082227181,0.2991629334883926,4.593236357863261,4.032004725935817,0.25462216833142415,3.908262925759407,3.290629042079987,0.23495368233586955
2018-04-05,999,19.248687425301647,18.546321617961304,0.29933016507573873,4.591524938671726,4.018000913052807,0.25314711756026065,3.835586605228215,3.215118042660234,0.23287536862867575
2018-04-06,999,19.270280459288134,18.55666136273235,0.2990577062717249,4.632690536102253,4.080250222493562,0.25621038387397055,3.7865650758873977,3.178132979893523,0.2334796239761905
2018-04-09,999,19.281459339335115,18.5475019574349,0.29853890055476495,4.587383105003254,4.018950735020764,0.253687697264276,3.7430953075547726,3.14080859731328,0.23335470808290637
2018-04-10,1000,19.250021252819504,18.525384434150702,0.2987508437489882,3.707901205744368,2.8227865237370913,0.18899410956049023,3.700943728046062,3.0986052289460795,0.23232536738636844
2018-04-11,1000,19.234233344724373,18.499446459327533,0.29847028547391985,3.8117808572050667,2.951298233454692,0.196509316114712,3.6833177058890363,3.0843869224573575,0.23240699027079137
2018-04-12,1000,19.216048986054865,18.495313500330013,0.2988193647724363,3.4949114485117025,2.5100893951305623,0.16381782667566902,3.6419196083916674,3.054139686982827,0.23308346700116678
2018-04-13,1000,19.20259485678432,18.504894206638642,0.29940808048477496,3.615132434139854,2.6294579510992144,0.1691753387063315,3.599933862810588,3.032901744761147,0.23524329360742746
2018-04-16,1000,19.232874742346358,18.588014593850012,0.30081265402955537,3.5836765670935415,2.546052067934771,0.15926657543703548,3.5523054848510798,2.99235983014855,0.23517827618321607
2018-04-17,1000,19.26570241011137,18.64258688292732,0.30140537670586387,3.527835375955069,2.4419374603526482,0.14854581475629952,3.5141374418691105,2.9632642607176174,0.23566147928487058
2018-04-18,1000,19.516050917573992,18.586773308509947,0.2937196230506529,3.3222279944753854,2.505602708630043,0.18486629654925602,3.4966239171166156,2.907854192477388,0.22917928718050595
2018-04-19,1000,19.541717451663118,18.568985823006884,0.2926230637589685,3.274816659692631,2.5649099693905937,0.20168118006122426,3.462984551748766,2.9244500223939593,0.23635408874844555
2018-04-20,1000,19.533218414517524,18.559984928783823,0.2925990127454139,3.320038934349797,2.615036138082202,0.2042286412632397,3.475858254277784,2.9391475247672667,0.23696469180576862
2018-04-23,1000,19.471271723727494,18.598521818989735,0.2951338166452028,3.2791260778675153,2.7366229118483947,0.23082430272249344,3.431470275399114,3.0239638230153747,0.2564762937582402
2018-04-24,1000,19.406006765171313,18.64694459725082,0.29801152870040415,3.2515522295107986,2.8045126647582936,0.24629314104885625,3.380998607714223,3.092851840356786,0.27432118717609155
2018-04-25,1000,19.362314514657847,18.725404867146327,0.3011300246465036,3.2532583559068726,2.8467460941822997,0.25312208820467286,3.3695442082608897,3.1406092112659247,0.2833181884633147
2018-04-26,1000,19.166325159588517,18.59305264380283,0.30261931870197467,3.2485341801136336,2.84916813861137,0.2542157547494486,3.255235686236815,3.102864605963484,0.2941290663562809
2018-04-27,1000,19.0538948160267,18.593361367186045,0.30547233694735065,3.255393949361424,2.887352404733858,0.2595451737570308,3.157087298030527,3.13712552116634,0.31424094732450003
2018-04-30,1000,19.042549532963882,18.539127177745236,0.30434767787519434,3.265551629079118,2.89233142476939,0.25888187063181833,3.1626757412693616,3.116928946832054,0.31025987817716927
2018-05-01,1000,19.115971741691933,18.6010962310197,0.30410045038867184,3.2689758334034944,2.887897705770268,0.25765254052520115,3.2198622751506965,3.153453312182005,0.3072264279842414
2018-05-02,1000,19.073385105280284,18.55070084077207,0.3038670528886538,3.251492757249298,2.86790572228368,0.2568987502099749,3.1487807675262536,3.063493953322535,0.3040252286996359
2018-05-03,1000,19.096054214571694,18.56163963656471,0.30357773449189973,3.2486569952032904,2.955643260733576,0.271708294269394,3.158247471392456,3.125709789986626,0.3122990455175265
2018-05-04,1000,19.17709488410516,18.652779877675876,0.30389845626380974,3.267259789312339,2.970910066910765,0.27144085124152684,3.150262489021382,3.10647820471921,0.31053765801520095
2018-05-07,1000,19.2268235889852,18.758907138508796,0.305389755883269,3.284311027005922,2.9919445848625674,0.27232770554790275,3.1490866018489427,3.092289600945676,0.30850343772101596
2018-05-08,1000,19.33690002857159,18.95249166677754,0.30759438918261484,3.271778464341316,2.9900558030027504,0.27385855999893227,3.106207540833142,3.031932024597464,0.3056002324862338
2018-05-09,1000,19.330757014238817,18.924872598120864,0.30704264040556795,3.256991378308897,2.9953158509980864,0.27687704329421026,3.1223742239026233,3.043400870584862,0.304915601822207
2018-05-10,1000,19.55407669384559,19.035723810811632,0.3043119245255753,3.195983618762461,2.9566807973968117,0.2797254474223433,3.142423814389847,3.0752528677731874,0.30685549125938616
2018-05-11,1000,19.535603961861323,18.89057809611138,0.3010682066218904,3.1464632703860635,2.9384384768475145,0.2842619153536381,3.22889859384702,3.174333727902004,0.30906334155549764
2018-05-14,1000,19.645797272533382,19.07206905166954,0.302971459024298,3.1005283018846113,2.8648965653462666,0.27914238792287727,3.225222040279824,3.1713902827764846,0.30916571134148974
2018-05-15,1000,19.595456107201443,19.060401384402514,0.3039161792935712,3.055290539775343,2.7975128527018116,0.27476923679423115,3.305993951437578,3.2733533713956207,0.3125088953401728
2018-05-16,1000,19.611310235833322,19.002063389589647,0.3020430075682713,3.0284816636802825,2.758175257725471,0.27220366116997985,3.3595499173821595,3.357524567768478,0.3170186693430723
2018-05-17,1000,19.688539828429604,18.870131255905136,0.29677669291827957,3.012400624494503,2.7483351222993937,0.27304289632650425,3.406022847437953,3.4111158933323775,0.31803360731257135
2018-05-18,1000,19.62054814292793,18.851483000626107,0.29797023587228166,2.975127093229615,2.714016276222261,0.272987640286951,3.4053343601423967,3.4006055919787372,0.31663802299598287
2018-05-21,1000,19.41373705478884,18.611670088393964,0.2969043697510121,2.9409382867656677,2.7282784520530248,0.2810576193977363,3.246189150645651,3.2071116228072825,0.3114497748660342
2018-05-22,1000,19.337116643232108,18.607912322569256,0.29871737394812115,2.985255665168679,2.632570509258641,0.2568071824724887,3.188628434267717,3.274075799039465,0.3301052816877257
2018-05-23,1000,19.32675497923409,18.533025662371415,0.29702803842389214,3.098761369844479,2.6837309824020763,0.24823509668343713,2.8795654295432462,3.0683927762205983,0.34800780536715537
2018-05-24,1000,19.461803443364573,18.5985220203738,0.2953687004777171,3.270006862856511,2.8214360631162063,0.24646160769704895,2.656516721204108,2.890182819090296,0.35801618173507255
2018-05-25,1000,19.549459918319478,18.681193134328243,0.29534034048052105,3.16076478535252,2.7147594932977253,0.24430688752457452,2.7474309287232153,2.9750038049759384,0.3557440889725004
2018-05-29,1000,19.7022670344941,18.8925673292018,0.2970140137927635,3.0808697457297463,2.6448863758982157,0.2440837183095096,2.7586513183413093,2.996003059470371,0.35716675925766395
2018-05-30,1000,19.83358855284321,19.040546871131262,0.29757390749376467,3.1654458383967032,2.7390109169927728,0.24780823215745496,2.573577305251706,2.8273648281861194,0.3626965605321518
2018-05-31,1000,19.998612665691283,19.289701612228107,0.29985203230956947,3.18617349286944,2.8223974769922164,0.2589446575576032,2.4160042019868024,2.635979123682862,0.3593789853090318
2018-06-01,1000,20.073659558410345,19.314720991963,0.29866836338400504,3.310456755954575,2.7644463817532507,0.2311071883464132,2.3118154486946856,2.6678371640421923,0.38618838222051477
2018-06-04,1000,20.171243419588926,19.46172258614891,0.2999888748182177,3.5526777018261004,3.052432707833191,0.24447100961373025,1.8717430975127431,2.2362508238757726,0.4025922769839746
2018-06-05,1000,20.362528054087097,19.703060221072104,0.3013838506886255,3.703178419759671,3.2211845946192117,0.25029527648673844,1.5258378030638604,1.9199866518083781,0.4267806348794765
2018-06-06,1000,20.561867260781103,19.93279710065218,0.3022784965980687,3.7459041709533234,3.2954465125108015,0.25566751103183283,1.3677966130755175,1.717794190859221,0.4258857299736586
2018-06-07,1000,20.9324402955517,20.418251929184507,0.30527695137644084,3.8122068383574117,3.4346927673409837,0.26703693397100514,1.0471697385879528,1.3351806238483925,0.43286955849630393
2018-06-08,1000,20.91200121354171,20.353426132199246,0.30421154232111447,3.859490923781472,3.4598079599115086,0.2646269164764702,1.0573579302026173,1.408855569794129,0.45294857057528737
2018-06-11,1000,20.89362907360422,20.340649017709328,0.30433290827637205,3.8616019224211566,3.4786386089059,0.2669602473085051,1.0676451098621986,1.405947720421837,0.447626749974686
2018-06-12,1000,21.099023728960614,20.61582142735101,0.30610060126918825,3.8753338436071454,3.5243025040472764,0.27150510494770774,0.8590757735297787,1.1636924750673696,0.46037308863218296
2018-06-13,1000,21.15472205210049,20.666350418296147,0.30600948049764864,3.8828501237827933,3.5455028786916234,0.27345183513034965,0.8228990060419948,1.1233912481618615,0.46385534113692783
2018-06-14,1000,21.223603719314784,20.792050091698226,0.30737019596626247,4.116279700727915,3.711613790537364,0.2674185585082539,0.6796478830587758,1.010924066343275,0.5013904422219938
2018-06-15,1000,21.162901872912286,20.69684655055119,0.30653571245348377,4.091929530022844,3.6814144841323313,0.26634882769789636,0.6980366731970461,1.0347309828932594,0.4999255403421695
2018-06-18,1000,21.51248881782571,21.088845445186685,0.30768648801516096,4.28042144674756,3.9074142978080224,0.2733145574693695,0.5989765993237811,0.9167028478302336,0.5134963587229958
2018-06-19,1000,21.952769962564428,21.653392077219408,0.3106658288002536,4.5605446358735815,4.274503877813298,0.28600891792096594,0.5653722040665746,0.8687527691546384,0.5151845908993867
2018-06-20,1000,22.03048383444201,21.789744740839218,0.31199332502355326,4.653230313695769,4.422026223707737,0.2926689724389332,0.5397040152104723,0.8462531787587346,0.5236317771742687
2018-06-21,1000,22.873706990183383,22.285016671354274,0.3046953423930894,5.138182890396546,4.8533664805033885,0.2897435807681572,0.5390518316767973,0.7442943802607154,0.4689150491167987
2018-06-22,1000,22.836977247108923,22.264058299702896,0.30501749862852356,5.29109431946098,5.0791799201753065,0.29754050808904453,0.5841376962294651,0.8205653844750607,0.4765439103097939
2018-06-25,1000,22.86455044303579,22.26596236122363,0.30447530177319804,5.244564455054455,5.008891528402066,0.2950760964365259,0.5629954168297733,0.7636829191748375,0.46099407033716355
2018-06-26,1000,22.667437826824525,22.007249381257225,0.30301062492924213,5.337638019018455,5.168715744945693,0.30175289324512855,0.5974489187491431,0.8278467196713062,0.47048492845080603
2018-06-27,1000,22.6977684027994,22.076174021478547,0.303876076514488,5.460058198009185,5.338062260357798,0.30637689378976174,0.6847023012674522,0.9431975780292142,0.4678772101028227
2018-06-28,1000,22.636199514107737,22.00777720738264,0.30368904189504575,5.507880796427916,5.411868787278083,0.308801053293951,0.7257705419884495,0.9930515170952408,0.4648714923610078
2018-06-29,1000,22.4420558244838,21.7607651003912,0.3023963069253889,5.580549439485279,5.512365554346235,0.31136153028712776,0.7655637844306361,1.0391507943086034,0.4612922839752165
2018-07-02,1000,22.304230814658904,21.58492551810449,0.30145209920933536,5.636575397905813,5.5825247459365785,0.31264761343026004,0.8028108307682545,1.0826911675063373,0.4583929460722821
2018-07-03,1000,22.30891016680624,21.586833479268325,0.3013934205690655,5.592782295237808,5.5255669413721975,0.311459441913744,0.7694109191080636,0.992103997373221,0.4380238627554791
2018-07-05,1000,22.33130103000288,21.57521603678843,0.3006482956256571,5.475261674302613,5.395121476359413,0.3101753343787762,0.8135149346473004,1.0047047680065238,0.4181094801759856
2018-07-06,1000,22.423890023319988,21.71979180594001,0.3018766449060307,5.300850209327882,5.19501361691398,0.30755172354671956,0.8624842368480994,1.1038428201884323,0.43459845489595395
2018-07-09,1000,22.814094262807807,21.931502626268447,0.2982269724912866,5.160872695070483,5.036329537154829,0.3054910975763947,1.0055729090414807,1.1966783858635275,0.4007382989966891
2018-07-10,1000,23.323199147737032,22.27890344876197,0.2951578112162506,5.003959441845469,4.863589558767781,0.30354482083575873,1.098708790385313,1.2564870720812085,0.3818846456729179
2018-07-11,1000,23.459554459859422,22.470256057371014,0.29647288890468515,4.9088165683884695,4.774277855777474,0.30386520757962565,1.0976066999499519,1.312308459564543,0.4029333819461306
2018-07-12,1000,23.622773634529445,22.477402914515505,0.29327854986777147,4.895876997764085,4.745424121990552,0.3022104130113531,1.0088005216688425,1.1425383424718332,0.37726504044660025
2018-07-13,1000,23.707012250340355,22.6561298458685,0.2953837671316806,4.839866573835188,4.7076427227645,0.30390887622365825,0.8914719249077309,1.058128646706303,0.39950891167807623
2018-07-16,1000,23.83439020173525,22.835314297191015,0.2966004438258194,4.727998724740479,4.572518414487495,0.30113466192913163,0.939222317337036,1.1468059374335717,0.4127922570010216
2018-07-17,1000,23.775106167616688,22.752272503049316,0.2960436613132412,4.683685280214728,4.511632616283885,0.29920704848293656,0.9620557584293881,1.2096602071259601,0.42643276574090494
2018-07-18,1000,23.81739336327252,22.7342770713878,0.2948033791501934,4.697757908662139,4.4104667400526765,0.28681326109915173,1.0918145040226355,1.1149940242981153,0.32747569450678793
2018-07-19,1000,23.783022321011902,22.716213048879492,0.2951168919406675,4.699908563868765,4.394418977701652,0.28483648972272946,1.116946641106672,1.0926829434889236,0.3066835934145876
2018-07-20,1000,23.708148138305415,22.596101333948553,0.2940795903087161,4.656417532758271,4.318879439028813,0.28096499611400627,1.2614543946538794,1.3224854584076071,0.34015894798046376
2018-07-23,1000,23.687595268726984,22.572461558218098,0.2939929554017182,4.673902040723293,4.311813818583071,0.27837550755616025,1.2789754591030178,1.2922835077074208,0.32231983992510216
2018-07-24,1000,23.654798454338035,22.530110661346992,0.2937552083245507,4.666441396701607,4.295117884497996,0.2772788622921494,1.3752978864345375,1.4489728247768032,0.34254245685655194
2018-07-25,1000,23.64887968186577,22.51800519378116,0.29361656257894597,4.676883538376077,4.309331024108354,0.27779223984989965,1.3243144908947786,1.4300441206725565,0.3544119537066156
2018-07-26,1000,23.624836654145877,22.513962213549245,0.2940209359462418,4.863496129414983,4.327518565546459,0.26107525496831385,1.472165358930649,1.3192729228770603,0.2644686072257856
2018-07-27,1000,23.67306047673872,22.52716176073395,0.29331948323729096,4.915866594794462,4.367236209567237,0.26032463680128526,1.4066234273392568,1.279337572140646,0.27155283952647546
2018-07-30,1000,23.717104353145285,22.500575450627036,0.29185244093108664,4.991005230521411,4.419654836593005,0.2587818899602604,1.3844789289974464,1.2718585756776355,0.2763533208651967
2018-07-31,1000,23.72822355917575,22.410970779410434,0.2897012866799926,5.054750966802316,4.455040984171753,0.2565371697500832,1.399682094549894,1.2934325824454864,0.2791879337266088
2018-08-01,1000,23.94652655267468,22.555318967484272,0.288381072224991,5.127701156834194,4.503631533686407,0.25488241720837335,1.3747184835274115,1.272218918878091,0.2798895224945427
2018-08-02,1000,23.962095056429664,22.516255082823164,0.28723214503875205,5.1658751125423645,4.520807554281919,0.2531679177403485,1.38322179023157,1.2808698911241498,0.2801830990508909
2018-08-03,1000,23.950413685537153,22.46993682709718,0.28647472365225735,5.214624988776168,4.541197077442963,0.2508476121498108,1.3785064404619967,1.2893750122199115,0.2850121667380098
2018-08-06,1000,23.952972150900838,22.46355794468961,0.2862864338282862,5.142137492839379,4.398887582240987,0.24241847773139358,1.38412066160132,1.3052603491112766,0.28895479293039494
2018-08-07,1000,23.97201214834653,22.447646412577424,0.2855621951061156,5.196769995319494,4.430869346166573,0.2408537108798835,1.3920466426140856,1.3178173233218284,0.2908186287251734
2018-08-08,1000,24.62750828917485,23.25370415734358,0.2895638314389213,4.57420121384434,3.5874463351245454,0.20228880601256471,1.4552579846768934,1.3988980173182277,0.2982057311480918
2018-08-09,1000,24.686599884021177,23.305927228462068,0.2894899156112043,4.588083256615049,3.571117236782937,0.19887081240996551,1.4900816299062785,1.4333585933375292,0.2985380873783168
2018-08-10,1000,24.69341134803164,23.341253314375532,0.2900873719116861,4.641237031320527,3.601964135844726,0.19756170819828955,1.4934649843186831,1.4461939963674741,0.30175064363845117
2018-08-13,1000,24.659509654653846,23.34312370229078,0.2907887579610168,4.738958035856764,3.680215767945022,0.19785569443684392,1.4999818520848334,1.4629873059023502,0.3052277924064253
2018-08-14,1001,24.63272312198487,23.346962225990247,0.29139245562965754,4.794996372371225,3.7143761913867843,0.19672825822256557,1.4965678775059872,1.4588292679486659,0.3049532864481721
2018-08-15,1001,24.708726680281202,23.249976277895474,0.28789896090391565,4.673903176973086,3.6274156520716567,0.1975740682238214,1.5998878494538953,1.4874914961983823,0.28212363481642544
2018-08-16,1001,24.797250555927288,23.306434461230424,0.28734416617928593,4.694792156699873,3.6692183570703154,0.20071842423519015,1.663740153986164,1.5019604387999226,0.26798605632592354
2018-08-17,1001,24.849591013739264,23.353591545531735,0.28730213281977623,4.750744511000753,3.713645860569396,0.20080305754433203,1.6779954070164527,1.5200556873201532,0.269634825338783
2018-08-20,1001,24.906475391207525,23.395453998738923,0.28706326765979784,4.785023419186784,3.728393979167949,0.1993517309842171,1.6982553192860936,1.5450138787701482,0.27168759493640404
2018-08-21,1001,24.848194972159078,23.32944298929552,0.2868305775685739,4.75309923810397,3.6735051732974635,0.19570458249335843,1.6992925332375535,1.5516114737923905,0.2734381587298853
2018-08-22,1001,24.844191257339844,23.30181598154805,0.2863372171409331,4.776845872858142,3.682323639794325,0.19454970949583517,1.7003219979082005,1.550335423635043,0.2727530556925315
2018-08-23,1001,25.064955739279444,23.14112785964608,0.2787486933640534,4.782600781149947,3.6586833791634525,0.19114759189286068,1.737316063549268,1.5068000526007996,0.2489170303313546
2018-08-24,1001,25.206121820675556,23.198569827278092,0.2772411496803442,4.7047496191393225,3.5239475861515617,0.18185038036154766,1.7008661416129693,1.4722753298265157,0.24798248492820496
2018-08-27,1001,25.075996658688048,23.059353688561654,0.2768360209782815,4.678591633466148,3.5208954122068685,0.18391154312518854,1.7233423621265025,1.4936520628169065,0.24859134077718947
2018-08-28,1001,25.386167996594587,23.36920826205359,0.2773425575238645,4.797577585396981,3.643002976474471,0.1878623033500746,1.6385300310544142,1.4029261493463265,0.24283198457054223
2018-08-29,1001,25.480037253917843,23.31522449115324,0.2744597741967749,4.866635764638857,3.6122577803489477,0.17789781589497677,1.6065075224722738,1.374155978116318,0.24236868877204132
2018-08-30,1001,25.60082343430756,23.232989129802455,0.2704977992602783,4.9272511590340375,3.5613097350333316,0.16649619480206745,1.584323088943254,1.3657535023404541,0.24603419126984238
2018-08-31,1001,25.7547145302875,23.216933107601715,0.2672976156159963,4.978373245053521,3.523190868304687,0.15764699917689295,1.5176477382885964,1.318580409391286,0.24974418942669496
2018-09-04,1001,25.62436210746941,23.047803719115283,0.2662276237801158,4.918811153674116,3.44366049514317,0.15318624042491533,1.5316572353356432,1.355095036834804,0.25835191253573087
2018-09-05,1001,25.530379764007016,23.024521103714385,0.2675016514790499,4.862242087040056,3.4775051100610854,0.16205349659156565,1.4912444260713416,1.3116612151195195,0.25557474021527504
2018-09-06,1001,25.38251066499786,22.574029922256894,0.2608382736306657,5.025695632440026,3.363090101696256,0.13507935169363053,1.389375918909845,1.1491187098107527,0.22663228951598446
2018-09-07,1001,25.426966174660905,22.58847476830809,0.2603090172703394,5.034764090818189,3.3132927726366876,0.12862031278814,1.4058811212627074,1.1332266880432924,0.2147535219304083
2018-09-10,1001,25.537802114489395,22.5768088980674,0.25799112879539277,5.002738229433375,3.2823030237955098,0.1274700217216238,1.4357337019648975,1.121218922504213,0.20036530986847123
2018-09-11,1002,25.555911412537117,22.499550348265572,0.2560231210071372,5.009064977910446,3.2992238672468623,0.1289499861945853,1.4552417028307232,1.102183592691678,0.18672618372932004
2018-09-12,1002,25.44857819387264,22.303845994848484,0.25387197696857067,4.959747170076863,3.2642514247978833,0.12865848544031866,1.4027458972316282,1.0077133301304715,0.16391971099273805
2018-09-13,1003,25.169957210345736,22.332701661969168,0.25972350344000017,5.095778726530641,3.069940344885304,0.0969355711046305,1.311192605582999,0.9474625801971072,0.1663893544772398
2018-09-14,1003,25.180898214837082,22.303787095692986,0.2588992979078504,5.0419873401566555,2.965282275299292,0.08906703651292251,1.101680789335331,0.734144756441672,0.1334508843801528
2018-09-17,1004,25.2306324241662,22.239238494032087,0.25658079532049904,5.063575268452878,2.9560314073512592,0.08671916993190783,1.0997937856228512,0.7688084723014292,0.152568617002233
2018-09-18,1004,25.285339717815617,22.183367831898,0.2543557884066875,5.084912152935784,2.930910238644689,0.08275392676971291,1.1522821913616623,0.8294955661905294,0.16479138443246888
2018-09-19,1004,25.345681912872724,22.130852341878843,0.2520995624729341,5.082184478256073,2.908348616111506,0.08055986571678375,1.206244824094604,0.8666863681018381,0.16398620738753444
2018-09-20,1004,25.423440187135967,22.154513115033513,0.25115384651404593,5.070056912269355,2.895236352251009,0.07991628229950423,1.233719814377506,0.883738471396057,0.16270737075424868
2018-09-21,1004,25.578987317987732,22.17931428149956,0.24879496318708594,5.045426943996517,2.8197493475296778,0.07356369209969398,1.2820847272261773,0.8684853843895729,0.13988198911414412
2018-09-24,1004,25.612395300941152,22.21402624872047,0.24891734979219982,5.022095553615028,2.7101482754806145,0.06387226853307844,1.3389397863745227,0.8343422133237413,0.1085411499089319
2018-09-25,1004,25.721392310357142,22.300100629240795,0.24873784789412745,5.113266809478771,2.6859869728881187,0.05695152684876412,1.4725030313707466,0.8058245263096869,0.06765096907856835
2018-09-26,1004,25.802721393583603,22.335219954624254,0.2479888246732309,5.184299329549877,2.699541301794623,0.05480270827137272,1.5327475871474479,0.8574556426758168,0.07384812001480023
2018-09-27,1004,25.892808292184483,22.39346975044467,0.24757236001224991,5.244847507161137,2.681518474522345,0.0504740563896125,1.6048702714393754,0.8745798629336307,0.06650294105917304
2018-09-28,1004,25.99738516822904,22.506993908020625,0.24805754661352442,5.275144589166619,2.6577358646514786,0.047163777449420616,1.6333052269454351,0.8987523981686771,0.06917076535301038
2018-10-01,1004,26.068604205288494,22.4888074496383,0.24638230758266555,5.2965599153518355,2.757118500307479,0.05472552219834399,1.712570398508035,0.8565089977657694,0.04555672291339899
2018-10-02,1004,26.11805212358931,22.53654072844173,0.24648871721691457,5.398570994133511,2.8180972751668225,0.05540591171320141,1.7394884633889065,0.8696350048328321,0.04547314547274762
2018-10-03,1004,26.1627166910773,22.5833869381684,0.2466625272554589,5.458624029218361,2.8396704369235524,0.054571317218582334,1.766528042356901,0.8789688569357713,0.04445519969086124
2018-10-04,1004,26.1792489220639,22.582626785485854,0.2463481821508262,5.520360692754654,2.8729311918128486,0.05466767618052773,1.791880438250454,0.8875202772099671,0.04348991325800293
2018-10-05,1004,26.18866542519357,22.350942525406825,0.24131633585305368,5.578003249942642,2.8826774117969025,0.05298933966523596,1.7978813964684544,0.8419058691189311,0.03272102244116784
2018-10-08,1004,25.996534227229922,22.1497359643488,0.240526261080918,5.564171554125696,2.8456859454090457,0.050547595552227646,1.7726293574356844,0.7877762309934968,0.024438243228838686
2018-10-09,1004,26.33621698014568,22.512539872470462,0.24206272899232095,5.67572054210012,2.9359990943442797,0.05321797830600745,1.8990972736908966,0.8819332501366088,0.03129240108139948
2018-10-10,1004,25.83528447467939,21.88634830283016,0.23782955663743843,5.458959267691351,2.6462761666408094,0.039123704353780604,1.7583276114756061,0.7101775172971253,0.013290127008328111
2018-10-11,1004,28.171248299955543,23.504505566199345,0.23070424199013284,6.268331779922413,3.1941071242791836,0.0497080678130929,2.267032758048808,1.0532177924114978,0.03135938026299235
2018-10-12,1004,28.247613099406987,23.444955055145332,0.22826188894161248,6.195959119693726,3.068393991957875,0.043457702252517307,2.279160880471953,1.0258144781672085,0.026296411298846006
2018-10-15,1004,28.238689489898878,23.421200394179635,0.22793733231794144,6.1488674242509695,2.9804970095186785,0.03910937384087092,2.2625012114582193,1.001747412607698,0.023911105546475443
2018-10-16,1004,28.023146248831523,23.138765503226935,0.22586060324090262,5.8090854912954,2.5491601431184527,0.022677572155362966,2.0983785786682976,0.8316633442499585,0.011632181803235603
2018-10-17,1004,28.43423660501415,23.56319161915855,0.2275389802217962,5.770806199953018,2.584008221614838,0.02553068147679974,2.1086985173723454,0.8395394681813957,0.01201401378334989
2018-10-18,1004,28.354867238381697,23.470766427091405,0.22701151469971093,6.000473458664652,2.817726626535032,0.03320926018328217,2.1310310800075043,0.8731709894145228,0.014664282321113664
2018-10-19,1004,28.32885428885145,23.42514064114026,0.22653397559950506,6.284055820159818,3.130649626929177,0.044721032379386474,2.1918437969592435,0.9319635107773563,0.018680014511145114
2018-10-22,1004,28.325130019260293,23.399373283220516,0.22608399886829722,6.266440312555943,3.0786009181812406,0.04180228171363185,2.2017967640509495,0.924376602867353,0.017222352852354558
2018-10-23,1004,28.37052974431416,23.44260769218411,0.22619747927559797,6.362799755456748,3.1782427568361733,0.04528616105869086,2.2439830182867015,0.9496276520563206,0.018127006352185917
2018-10-24,1004,28.25507894007157,23.372804804784824,0.2267062766999426,6.231664131888331,3.041906088075716,0.04050075178380127,2.2532332163968865,0.9424888844074124,0.01681507061080495
2018-10-25,1004,27.708357531156302,22.96244398612747,0.22755480659340344,6.003713834666831,2.8097863023054175,0.03262114169400406,2.231179713855954,0.9109325387957365,0.014311993327400215
2018-10-26,1004,27.682129769279896,23.06591113160484,0.23008821892750686,6.156758341770883,3.039569127335727,0.04281230005869073,2.2934115170529776,0.9438488529888056,0.015105055949986628
2018-10-29,1004,27.637962211930642,23.10910336940793,0.23170543179166492,6.211058404330415,3.166674579956686,0.04983448244508778,2.3536127438502037,0.9857730066436755,0.016959672364743005
2018-10-30,1004,27.52025341702999,23.088840839231153,0.23328918032238943,6.149471106231639,3.141495475109439,0.050288946820209054,2.3673431813016137,0.9868145816760221,0.016441052146897363
2018-10-31,1004,27.590147166576962,23.12551451391043,0.2328455229964863,6.2076783115998655,3.1853776219703023,0.05131877363058065,2.412414133644563,0.9965486167450213,0.015487709825189783
2018-11-01,1004,27.66811358667143,23.22953367269632,0.2336241978176934,6.202871276220032,3.2116723634688227,0.053439481651145176,2.3978826482790656,0.9993102137425446,0.01641578409903592
2018-11-02,1004,27.703844167023263,23.201312201009042,0.23245306022368084,6.429291755290417,3.3788455210214488,0.05706570081006668,2.4712666987505902,1.0574182194993598,0.019435234849972473
2018-11-05,1004,27.576405693343403,23.025644120325904,0.2310576489892917,6.735095940723901,3.5559893270636644,0.05822306310557169,2.6136325447137914,1.15773915352578,0.023974886880298467
2018-11-06,1004,27.628240708278756,22.917035686277202,0.22798080738376414,6.909138783379639,3.68215052661058,0.060602180603745434,2.667761198945781,1.2123500623496881,0.0277723234374726
2018-11-07,1005,27.928973639671668,22.781441623996376,0.22021641294335326,6.657127460867879,3.7790541246283356,0.0781393327014669,2.5010046243822934,1.2359611885489676,0.043018527092597215
2018-11-08,1005,28.23733900286325,22.754248595953637,0.2146168458059523,6.664571121584109,3.759534644119398,0.0762764882229405,2.2787356598873623,1.1264640458839834,0.04308240202161961
2018-11-09,1005,28.34045900297205,22.74876496814296,0.21283706112737777,6.5230597539503075,3.711170097831099,0.0788015003851169,2.1396400082632225,1.044106032948188,0.0404371396807319
2018-11-12,1005,28.713861121377683,22.820068934433387,0.20829328744880904,6.309792181630755,3.5954696012052394,0.07927153342644747,1.9824483983974264,0.9264674709430251,0.032371517560690316
2018-11-13,1005,29.445381954108747,23.10296873362915,0.20247633418941757,6.030465960139491,3.4459079998364825,0.08011195635999988,1.9678602050186607,0.98530400392475,0.045802243472099054
2018-11-14,1005,30.266666170609263,23.09143204551652,0.18994850987023593,5.794326220443598,3.3857534916271677,0.08701014712892936,1.800594997358862,0.9132220904158007,0.04864448883930367
2018-11-15,1006,30.467788786388855,22.875270966367363,0.1828899566379305,5.697116972526279,3.4020636323438223,0.09401151502838226,1.6496410120893328,0.869955255534368,0.05792876305631981
2018-11-16,1006,30.283968587631552,22.65904747075859,0.18138371453613855,5.639671845376101,3.387522316267203,0.09594531794760909,1.3510051068010116,0.5899079564353915,0.022009931220825906
2018-11-19,1006,30.290827934299283,22.676471749857004,0.18162046380554464,5.580254990336629,3.3157946205114968,0.09238836587907856,1.2668762363139763,0.4987207756151881,0.011077275687575867
2018-11-20,1006,30.31005526383434,22.667827750006282,0.18117699919967678,5.548664459873141,3.2769949709624697,0.09041411958894463,1.2653634225408563,0.45434850029234586,0.005352668784852606
2018-11-21,1006,30.278867894679045,22.636997674639,0.18103234240681532,5.494945852615189,3.2044756326468153,0.08638699332607258,1.1739536404868607,0.34906851558860713,0.0007707138717261476
2018-11-23,1006,30.54366778584093,22.907252999858564,0.18241293455883834,5.4759958551847046,3.11978394849393,0.07921682448460594,1.5271273396062472,0.9085753604855831,0.09280307880948756
2018-11-26,1006,30.80163015304543,23.27392537562823,0.18568929194084116,5.513159707864043,3.1158689551407486,0.07683029384668477,1.656099589089524,1.2459086320724857,0.18377197912530419
2018-11-27,1006,30.785218672085637,23.355186967881828,0.1874594730806537,5.539127179922543,3.101652405899205,0.07412139559873827,1.483945059349018,1.4191754299016814,0.2957277743937884
2018-11-28,1006,30.772109299702485,23.340432450699563,0.18736858877452833,5.562062965585156,3.0949850789241347,0.07231639790081872,1.6019631935892806,1.4662483054575113,0.2745873493234987
2018-11-29,1006,30.64866374599344,23.325614744331826,0.1888634312646026,5.567655515259586,3.077560397628335,0.07043339980007171,1.6778291481484968,1.4556134926513844,0.2490494861279493
2018-11-30,1006,30.507291069957695,23.23948445425719,0.1892721659846689,5.641747130379957,3.1337345723428336,0.07180901150766608,1.840354518814888,1.565944926178011,0.23990039615714853
2018-12-03,1006,30.680150513268213,23.513506991758334,0.19196491960964768,5.446407743849528,2.9267964555030437,0.062761570859254,1.7813129106744907,1.4735505140244578,0.2267175129250738
2018-12-04,1006,30.69550242384951,23.36573019234227,0.18894800698585856,5.463541206291936,3.0975128189134034,0.07775760540459162,1.8027884467184916,1.6477738397199415,0.2739220106129382
2018-12-06,1006,30.65205354246234,23.370218538700716,0.18965982907767787,5.489574370522508,3.0666748019395103,0.07344203998148982,1.7807043574788786,1.6464146459593063,0.2794458903861241
2018-12-07,1006,30.477224051298297,23.20019721134801,0.18895987867977815,5.372298362933792,2.9268162145451666,0.06642520575582117,1.6116197007238853,1.4913454112432898,0.27985364321347583
2018-12-10,1006,30.283195649675612,23.013555943682107,0.1882126063337931,5.23871153840744,2.7968166433247577,0.06105485954920878,1.5029103932254375,1.3959785667142788,0.2816590463993133
2018-12-11,1006,30.24373716356609,23.014798466594463,0.18881269307064752,5.16255557758843,2.72487700827419,0.05814523975250872,1.4165721732836158,1.3135195022599815,0.2808305842581721
2018-12-12,1006,29.557096080611124,22.319542482660605,0.1854134562582117,4.986967007564834,2.575300983002541,0.05281140291129915,1.0667448356607814,0.9734536522484213,0.27315087506176616
2018-12-13,1006,29.558949783945828,22.30362475360084,0.1850723245751562,4.965119098397855,2.5378111825767777,0.050411313208493014,1.0356011796680435,0.919385687599736,0.2599938809350092
2018-12-14,1006,29.681305782064,22.210550415562675,0.18143141870859691,4.986195987724482,2.456101800937418,0.042343738968660914,1.101245594819348,0.7848363527895762,0.16057117696354273
2018-12-17,1006,29.69267017854137,22.22491668096107,0.1815466041626418,4.947832818474849,2.432509072642222,0.04194706260629417,1.0866802981621637,0.7717046344814352,0.15908496361801205
2018-12-18,1006,29.847243521029817,22.387830251500805,0.1824692827286396,4.915567819006187,2.479674762135982,0.04744077821854501,1.0692815873867323,0.8001212884752501,0.1814187715081078
2018-12-19,1006,29.67640431508242,22.2977446563494,0.18321695910060276,4.761258513163043,2.4037603818095,0.04761884336666637,0.9338452092941895,0.7298917924589345,0.20074579408956295
2018-12-20,1006,30.064399781008838,22.89024168123327,0.18904295442912844,4.732085784671845,2.4245988750547567,0.05097402074757663,1.0290388074567023,0.8992504680763823,0.2524870278762561
2018-12-21,1006,31.113093759874005,22.32115325356201,0.16335269917366335,4.856117809302277,2.2124428649748915,0.0281698973793571,1.380795098673956,0.6216857349967639,0.02634757536333825
2018-12-24,1006,31.11577005267153,22.95489708406044,0.1752526627242582,4.784044780719193,2.342460965952554,0.04112022686821133,1.3836672483441963,0.7920178016815361,0.08063467739970004
2018-12-26,1006,30.420392870787175,22.514198915760947,0.176642650475352,4.460960106380771,2.165001878455956,0.039351924411741686,1.129042924401382,0.6474740667701752,0.08119999278049002
2018-12-27,1006,30.9095483607478,23.185325522040173,0.18248213607096753,4.930120508267084,2.77641979360216,0.07578048379804993,1.4360619002435813,1.0147772222267422,0.15702454563930648
2018-12-28,1006,30.45276990052771,22.77273503642869,0.18114204933395195,4.374491027125245,2.2810672712454756,0.05514414955649351,1.0596317632143561,0.6994878532442108,0.1298058363430627
2018-12-31,1006,30.484682179303775,22.704317419601175,0.17937491057180344,4.572332615418365,1.9741343923513603,0.02055170468655909,1.1072578515321831,0.5761509007061499,0.0546285140663397
2019-01-02,1006,30.517547091264753,22.817536444696934,0.18107246203171112,4.421158110820535,1.6686150706620722,0.00805877454270437,1.0223339452700682,0.4627501446215653,0.027156777901997498
2019-01-03,1006,30.229007420268555,22.591984675566582,0.18088299033418276,4.910598556660713,2.075231785254581,0.017967403157843877,1.0958583542186284,0.5010598119185133,0.02873661727085287
2019-01-04,1006,30.248495336879905,22.60796754032134,0.18091035476733663,4.999700866133007,2.098408505896313,0.017190133294044615,1.0586678582061766,0.4393450094011029,0.01596781506524524
2019-01-07,1006,30.262724094933784,22.631049268325466,0.18115036831804598,5.0139549406241075,2.1383729471894446,0.01903972257875294,0.9797406317842259,0.37309732566488063,0.008640362449248916
2019-01-08,1006,30.540086539676793,22.89694459416875,0.1822673802836352,4.735235274382256,1.9096322641206103,0.013150838332404486,0.8161477713395692,0.24086036653497572,0.0007028409445171036
2019-01-09,1006,30.489091269562167,23.022162079883262,0.1853912887332707,4.821923113191849,1.9176906052726006,0.01192206795561304,0.710404166661073,0.13223187476526635,7.769016504833691e-08
2019-01-10,1006,31.04595962317242,23.821937252877685,0.19248913999395156,4.6012394733512245,1.5904398623863116,0.0038150724523772664,0.6215582936390438,0.03192579157597967,2.017690253947836e-84
2019-01-11,1006,31.17118326419522,23.439152156570746,0.18355888618186567,4.644574853089684,1.8354917488039728,0.011392432403933608,0.556811225915594,0.039817816132446365,1.9527809967561878e-44
2019-01-14,1006,30.906177341402664,23.232943824645286,0.1834280638582384,4.822007371323522,2.0012596364664774,0.015975002508319517,0.5626837900307963,0.02734450994271101,4.3592344573148683e-94
2019-01-15,1006,31.033848011241517,23.389799853255276,0.18457115027722903,4.676989495630426,1.8524945069166707,0.011579769594022824,0.377291035062736,0.18008945029506865,0.03616919739639819
2019-01-16,1006,31.049584548856092,23.383347631603126,0.18422757492025665,4.718096062063577,1.8961414296545671,0.012836924018032318,0.37508650135911925,0.15858001979794556,0.01801633587755156
2019-01-17,1006,31.187689770250586,23.46507769457509,0.18381139541895097,4.9151720062875714,1.9728690027203235,0.012724692117589838,0.1588650188962571,0.22011184384916685,0.4704501631125604
2019-01-18,1006,31.134365359330992,23.406365258368893,0.18346338519028949,4.840425055209927,1.9288937477076642,0.012092596413456171,0.20682816017506916,0.196165131720375,0.2917193137155545
2019-01-22,1006,31.106942373659976,23.427191188145898,0.1842397027742092,4.80850366723277,1.9687988376291448,0.014591831437290889,0.2154079218995858,0.22717812456170067,0.3430329701343793
2019-01-23,1006,31.114450915554194,23.38090793999223,0.18326695362654055,4.752232804234053,1.7965075415495784,0.008162773107729565,0.27340551370413846,0.09224101487056646,0.0030363463580876967
2019-01-24,1006,31.150476867286297,23.392480574707516,0.1829769114941886,4.664568608360419,1.8024740584668726,0.009657140875199843,0.3007269359556374,0.10043592312757871,0.0027515028801853207
2019-01-25,1006,31.177430420860844,23.424615616457857,0.18319930696792874,4.54121437452321,1.762103895189034,0.009961734941150846,0.3567538977268573,0.0771587817012261,3.770765768266759e-06
2019-01-28,1006,31.21283430223837,23.48507071667951,0.18383145955969493,4.577789125078855,1.897679005931173,0.01585181813343174,0.32617514293965094,0.14015021174588127,0.01994795466111507
2019-01-29,1006,31.243860240870006,23.509383340353438,0.18384951662743543,4.542327552159821,1.8942295479745388,0.016485694532329006,0.3422462421404918,0.1340422204875164,0.010671613588657421
2019-01-30,1006,31.279824839631452,23.544284489550293,0.18399555635549203,4.596912036456947,1.998209654303206,0.021419039128208684,0.3086423307095495,0.19034164809052237,0.10490668041599381
2019-01-31,1006,31.276236089449096,23.55653596789741,0.18427410099344388,4.606129122074664,2.052992759617804,0.024857064996002824,0.3117762613286966,0.21045538601315458,0.13849033126022342
2019-02-01,1006,31.25693048488952,23.492951048315287,0.18335976555958966,4.604137737924459,2.06303010871798,0.02563244287485282,0.37565926937718863,0.16610717283241472,0.02372537184784721
2019-02-04,1006,31.191978821948616,23.441668289537656,0.1833137108485383,4.350679741559179,2.118315508524074,0.03999124325631435,0.7113498132176189,0.21446203362127764,0.0009102113500839444
2019-02-05,1006,31.314882326830386,23.58863859697451,0.18432982236054096,4.403119824692444,2.1994991351844475,0.04529829963594883,0.6878009155288106,0.3065874299397583,0.02487046972472534
2019-02-06,1006,31.29468845312317,23.56841445861371,0.184236507486935,4.437963537128848,2.2194202045171343,0.04554294339446846,0.7258743739440112,0.27105598750021853,0.007407428144086653
2019-02-07,1006,31.269580056372504,23.47883411907145,0.18291935544183413,4.425122496594595,2.2043989344010124,0.0447065060164357,0.8385484005381331,0.1761586091565085,1.934110630147944e-06
2019-02-08,1007,31.287895285047085,20.347925543431472,0.1241353263252093,4.42447929759682,1.911098898149672,0.020604762177155116,0.868297494727504,0.12523544122021343,4.1107442999785304e-12
2019-02-11,1007,31.302040043040968,20.35642822633817,0.1241224600134931,4.418320802351802,1.910385433242002,0.02073417414908621,0.89889057440081,0.09149676519626543,8.849714502702417e-23
2019-02-12,1007,31.36617677596607,20.394543601093293,0.12405618329547306,4.414899144053887,1.913183724888186,0.021020335925100886,0.9004851863131321,0.07548158755349706,8.270702815198968e-33
2019-02-13,1007,31.46892242349398,20.469929144945855,0.12421387866399682,4.510561368652972,2.039672414286724,0.027007139307817094,0.8139438514165057,0.139971360325735,6.060698287911957e-09
2019-02-14,1007,31.525309444389677,20.523217857831057,0.12451870157489263,4.511164140381007,2.0499361237552445,0.027761771493690277,0.7984569985895106,0.1327288555809796,1.7911082653176717e-09
2019-02-15,1008,31.573497740363194,20.547595068097962,0.12439053940095614,4.546263749840055,2.0708443571773096,0.028137268959249357,0.7952422781479895,0.1118410552668288,1.1564986406876954e-12
2019-02-19,1008,31.634719607607185,20.502616668625656,0.12284045548663969,4.555155127595741,2.103326356186355,0.030334801134618856,0.7795459021623116,0.08560494078814188,8.52244470256305e-20
2019-02-20,1008,31.81723216141022,20.68761509826165,0.12405239524352413,4.608172787965213,2.1292688816657304,0.03044867637127183,0.7933948876832416,0.059316220285092355,8.388100358804945e-41
2019-02-21,1008,31.74030312746925,20.62844385946609,0.12388564455132092,4.57240538129985,2.08518080991127,0.028321069445924888,0.769043486545824,0.05667994831803113,6.184227693851737e-42
2019-02-22,1009,31.711404382241437,20.58343407133598,0.12340747328293197,4.375229167566106,1.8720310811233858,0.01943106036174705,0.7957386889363126,0.007707675566752849,0.0
2019-02-25,1009,31.656956151821152,20.5123036458545,0.12275424471428997,4.35422682988154,1.8255556516525042,0.017072088405291643,0.7917796046155648,0.0032750239202018728,0.0
2019-02-26,1009,31.53209480289457,20.460303523045084,0.12328387445603116,4.317391467992918,1.7903040731146018,0.01588527072860245,0.8019969011701111,0.01591834063644231,0.0
2019-02-27,1009,31.5112876717641,20.3694726821453,0.12186663809613549,4.293184556751216,1.718114330937214,0.012462270817790626,0.8051377184138244,0.035228938405033834,1.320078293104461e-115
2019-02-28,1009,31.432094780528274,20.357767616427328,0.12259188383242293,4.265817960819305,1.7065776069257386,0.012432197033645936,0.8450278620347145,0.059365994520808825,5.619668316291161e-46
2019-03-01,1010,31.29576016637549,20.254952185614595,0.12232406450079024,4.266887162663139,1.677193038524463,0.01095708695735046,0.8979277878365945,0.09639020197357127,1.2132182252216594e-20
2019-03-04,1010,31.237948791620763,20.257690453626665,0.1230665149519362,4.276576225338328,1.6787661593812586,0.010851277740555755,0.9528064519011185,0.11318992553320122,3.8372707381959305e-17
2019-03-05,1010,31.429446574706745,20.13302057675986,0.11850264045092279,4.4223924295046055,1.6780846238099625,0.008404287494891733,0.9104244664260012,0.13452035694812767,1.306372116805553e-11
2019-03-06,1010,31.527616114008914,20.116623777101765,0.11705815489960632,4.468603082818062,1.6994812386825766,0.008553759190927332,0.9364270446654019,0.1553561191276652,1.663957170460183e-09
2019-03-07,1010,31.57322560614358,20.113881612801315,0.11647953303446171,4.494694802689822,1.702397619009498,0.008285357971144122,0.9583773395098707,0.16903873587229093,1.4315440689368063e-08
2019-03-08,1011,31.55655938319972,20.040533701267243,0.11534033198412036,4.543580949196914,1.7340428815321753,0.008787200132851199,0.9874253707544284,0.1881688106547405,1.5413465440289756e-07
2019-03-11,1011,31.567304579277113,20.022762062419876,0.11489428635781077,4.576163767963136,1.7403501168468978,0.008552308520811451,1.010201926132797,0.1936644346119372,1.8258263493608966e-07
2019-03-12,1011,31.58644025966514,20.01078329803663,0.1144574552222231,4.737855310833341,1.8277018558063503,0.009535118572552464,1.0532174349939392,0.20917680713089837,4.777032309083705e-07
2019-03-13,1011,31.63527336129888,19.98841550848927,0.11349432889105293,4.943225326387077,1.9115706358787417,0.009711112851038555,1.0935871781473703,0.21236280214992145,2.6101837237713196e-07
2019-03-14,1011,31.649120826359457,19.881688225996857,0.11141326432815819,4.965612735005616,1.8632805012125218,0.007699198436220978,1.1236706496450255,0.2081442518126481,6.719334037391137e-08
2019-03-15,1012,31.54805642873677,19.777940140812063,0.11068688982345234,5.0081494938273465,1.8752050148158117,0.0075688518872188155,1.136563372638257,0.20829831545587255,4.858263569454452e-08
2019-03-18,1012,31.425981917812273,19.6576310785916,0.10989488735638672,4.978114151485956,1.840447718629622,0.006833757048974039,1.0864705649111837,0.15973386553703728,1.0335249975439429e-11
2019-03-19,1012,31.479062164725395,19.692567779133554,0.1099261832758702,4.999373299168218,1.8247374191341053,0.006148091518335062,1.1763034057799544,0.23167909753868843,3.8284376369946376e-07
2019-03-20,1012,31.494506519320794,19.73551784818298,0.11052703549334744,4.994432161785064,1.8627839448476535,0.00733662080494116,1.238032322295972,0.33683060138154347,0.0002373524412097906
2019-03-21,1012,31.561741876080497,19.67670943871277,0.10871069266183302,5.13377318031363,1.764412355082083,0.003618660085754179,1.4260283247254488,0.2895577266467618,8.442515843018228e-07
2019-03-22,1013,31.46287694251842,19.623763147289356,0.1088673402328373,5.130789905946709,1.7858440323134517,0.004065508775722177,1.4066353385323858,0.2933354057900145,1.6242032273225654e-06
2019-03-25,1013,31.36112337451801,19.499500282235594,0.10776862545492694,5.166102149454968,1.8515215652347095,0.0052676662095050815,1.631752431643058,0.569041842382672,0.004136714838896718
2019-03-26,1013,31.350634235994427,19.51614859592334,0.10818725327984606,5.185330757621832,1.8290314507620529,0.004582360001203287,1.6285021595937388,0.5093155190530348,0.0013865670156022443
2019-03-27,1013,31.339773343486485,19.52649157829241,0.10849657315581027,5.203307761827966,1.8032755593363021,0.003908226623674071,1.6154875719887556,0.45000168861326734,0.0003307300908281317
2019-03-28,1013,31.0202088962533,19.15675614600399,0.10538639417013076,5.227945422478077,1.7978101257950116,0.0036380425665592225,2.001554809141627,0.8390629160066957,0.017057568056660796
2019-03-29,1014,31.02059223572202,19.05994156972207,0.10362496614142068,5.23557457564116,1.8256696143939448,0.0041339450961255155,2.066058126931648,0.9088919881604302,0.023016459258409932
2019-04-01,1014,31.06359090292093,19.10113935287045,0.10389244217038034,5.209328078555534,1.8207771963536594,0.0042224522291933,2.019016049260074,0.8964675388690408,0.024310209710656523
2019-04-02,1014,31.11506871216213,19.05487461955414,0.10248601252201064,5.202740676304653,1.7775492212473945,0.003423392117804423,2.0290092502163373,0.7557815265644935,0.00726056871230464
2019-04-03,1014,31.2341411319929,19.13280280970151,0.10257595273035379,5.190928917614487,1.754969405610566,0.00309797035892512,2.1008524209781005,0.7942043029686976,0.008163559800167046
2019-04-04,1014,31.73001051236666,19.00571714436853,0.09501868733460948,5.309479178295081,1.6537340222085042,0.001324579696901246,2.2494580733990137,0.746724502768225,0.0025916202167868265
2019-04-05,1015,31.56698514636217,18.948850706231955,0.09573233748550157,5.27281369601447,1.6659598788873244,0.001550667377693722,2.230133151828592,0.7570967519648675,0.0032228908393266997
2019-04-08,1015,31.644403659341926,18.753331100509726,0.09152612816743066,5.342584593644231,1.5618266456218608,0.0006245369397363026,2.2664445292507684,0.7007517104652903,0.0012193929937591333
2019-04-09,1015,31.546818864978306,18.725410774652794,0.092045236375873,5.3090919623509985,1.5638746532138386,0.0006867068508756031,2.2089865663460433,0.6826115078250768,0.0012118272045482114
2019-04-10,1015,31.531603654524773,18.711774753494957,0.09196523837622607,5.308508199512621,1.5522895539079202,0.0006266891473721195,2.1952574619224685,0.6501142133455373,0.0007335412581846101
2019-04-11,1015,31.511090910127916,18.71594103975997,0.09224936292383312,5.269045669067632,1.547951370642692,0.0006643515397951491,2.1436134960763122,0.6342842390133844,0.0007259702258194901
2019-04-12,1016,31.484032840775967,18.705142747003904,0.09234117551515252,5.26093431733684,1.5631574173713878,0.0007638238690845503,2.12064390011313,0.6302354338627424,0.000765869554251138
2019-04-15,1016,31.504908216542326,18.83801363973062,0.09444323139509113,5.294368098417011,1.4156709822848907,0.00018414511983767657,2.1994075979578587,0.44025819813539857,5.861602763088911e-07
2019-04-16,1016,31.505318246837206,18.85746807487704,0.09477941535612859,5.279748066969205,1.3931193565291964,0.00015072317975375497,2.222656971188192,0.4204764399632114,1.2498982833789615e-07
2019-04-17,1016,31.48669680385662,18.83636982468649,0.09460509988430382,5.2673813554309,1.3955237393120141,0.0001603395070038977,2.238989099598554,0.43709776369423237,3.016728673052052e-07
2019-04-18,1016,31.399957138607178,18.77497530142655,0.09443824653885764,5.274453896768977,1.4005000920676534,0.0001658029443663354,2.2775988128181277,0.45970839920642137,7.253797685645885e-07
2019-04-19,1015,31.40134900209881,18.786404125431556,0.09462427705462584,5.267056454720244,1.4058047288247018,0.00017921278898207405,2.285565266255433,0.45190905689574845,4.2461495951063215e-07
2019-04-22,1015,31.511154032190948,18.81760304230722,0.09402112840666461,5.285617035057571,1.4261380269877717,0.000210354761619637,2.242374734836178,0.45796610832888246,9.761968599594986e-07
2019-04-23,1015,31.404092107728992,18.703561386210804,0.09314357737783617,5.3452963865353045,1.4906415044432257,0.00033591334200713243,2.2893795429078914,0.5019256193987152,5.086383988737449e-06
2019-04-24,1015,31.455659541391803,18.757247141475286,0.0935450247185938,5.363960758718088,1.5210975672470717,0.0004212896446763133,2.2902318447773693,0.503366599369572,5.368958250003482e-06
2019-04-25,1015,31.513082715455468,18.86690590936546,0.09486327483093426,5.365920184967157,1.4922462187670649,0.00032331192142460037,2.32752662583392,0.43169702147596944,6.984301578733315e-08
2019-04-26,1016,31.574554479922764,18.907864699681912,0.09493589328440125,5.38196326455965,1.5114367137654663,0.00036968990367649846,2.341469609225765,0.4014127638924357,5.4416027152819814e-09
2019-04-29,1016,31.6355711469556,18.99696508641832,0.09585370382931166,5.384722261217696,1.5379722151144868,0.0004631975614509858,2.3268703181091803,0.4056368438143608,9.67451087060088e-09
2019-04-30,1016,31.631856208629234,19.065812445226978,0.09709810780180682,5.409627752010982,1.5353061423036007,0.000425911634244486,2.2863292089329175,0.426834490960104,8.486021398225552e-08
2019-05-01,1016,31.67832316497939,19.084601840497665,0.09693675840110913,5.414717313790678,1.5517852890089594,0.0004842021880930011,2.3118509022620697,0.4487989575321862,2.5883202628934803e-07
2019-05-02,1017,31.638687671382744,17.937292041486987,0.07775728278896295,5.405743024500129,1.4476152776544242,0.00018828280756030542,2.314112367432486,0.4439549349703577,1.8631874873768216e-07
2019-05-03,1019,31.630048096303746,17.95417781440607,0.07811836862692102,5.421444062434066,1.4747337408541923,0.00023671641614012994,2.34464775846318,0.4352232184160425,7.155168256599717e-08
2019-05-06,1020,31.62151087449289,17.951399047284895,0.07815266890526894,5.465458168273633,1.5088195372241695,0.0002919494381938292,2.336878985147437,0.4432599277320138,1.3492409730059985e-07
2019-05-07,1021,31.630604968991044,17.988958526601472,0.07869062428378133,5.53008490682744,1.5685453401311809,0.00042250280234507124,2.286700587423661,0.4288150615136199,9.681469177356645e-08
2019-05-08,1022,31.594075985199396,17.95872051357547,0.07853319344686334,5.456921377448773,1.532617783937598,0.00037011642247544995,2.37947185414372,0.4344774368017717,4.335040778693111e-08
2019-05-09,1023,31.644298470061358,18.0024547398552,0.07878548310230997,5.50089399414141,1.5674990366816783,0.0004492127860896825,2.3732899489124972,0.44116817748521225,7.466879475302829e-08
2019-05-10,1025,31.734325444530366,18.09580755960812,0.07948469458575107,5.595366157941176,1.650526221114414,0.0006987991687351929,2.3636180750086364,0.43542375492167285,5.688800419014183e-08
2019-05-13,1026,31.850248952329373,18.199884512238043,0.08011403732127917,5.654244515876929,1.7098379988871062,0.0009433825677054457,2.3607314648808044,0.42684324927811684,3.190001168763083e-08
2019-05-14,1027,31.64734131010215,18.06064896428104,0.07972541313449948,5.672441536675138,1.7370613846399743,0.0010925599479076596,2.3960161326560363,0.4227127785261791,1.4431430629798518e-08
2019-05-15,1028,31.618604959493975,17.997842266817262,0.07895194617117805,5.651163822717484,1.734040206462915,0.0011182230752208228,2.4082810507945775,0.41892861579179014,8.99498484029505e-09
2019-05-16,1029,31.73769110638764,18.07447371678315,0.07909865662311445,5.736058563171463,1.8133498061662239,0.0015602426251690232,2.416651073906809,0.422489442040843,1.0650704058979209e-08
2019-05-17,1031,31.710623562109514,18.054266426360158,0.07901909315954807,5.844323753866439,1.9061960117003276,0.002169711859938601,2.4099995192492045,0.4228830575273464,1.2053065527674366e-08
2019-05-20,1032,31.790459428321928,18.057614193827288,0.07832278944623228,5.903475745380749,1.9542381293006914,0.0025205959920787894,2.4221423535898587,0.42803097551966424,1.5243368028846942e-08
2019-05-21,1033,31.78668296484324,18.035708677487055,0.07799659015551973,5.9231931717609605,1.9323831435618188,0.002175047748447111,2.4187644466189218,0.4228356231795815,1.0630974051284398e-08
2019-05-22,1034,31.546334113903516,17.811561768059416,0.07654148778163772,5.578145395145829,1.585515022630128,0.0004344987722889628,2.3331338797357617,0.3581060043197101,7.259065448032209e-11
2019-05-23,1035,31.608010344912984,17.84033252673306,0.07644164008095972,5.652913300157775,1.6334404130864004,0.0005386919272683501,2.348807695080712,0.3687780962237168,1.9006290840069811e-10
2019-05-24,1037,31.737224050633188,17.943830120255218,0.07694421547293832,5.7362794352524045,1.726549794778218,0.0008924843378456314,2.362234413960427,0.3774102805515919,3.8729943357371807e-10
2019-05-28,1038,31.686667986286725,17.90232254703122,0.07673126233496944,5.72397996609984,1.7039873785034358,0.0007817750985296881,2.3579611809012424,0.3735745238589869,2.756487070023992e-10
2019-05-29,1039,32.15249070395207,18.342594499978073,0.07962144986742864,6.240553098073953,2.1728326818203296,0.004077774606047452,2.513728560881702,0.4941006806141907,3.6284787514975227e-07
2019-05-30,1040,32.115677277560785,18.280387525052564,0.0789454463033906,6.2296872082951245,2.143080186178089,0.003650476127836822,2.5234233844443525,0.4973360236734473,3.8978458562976407e-07
2019-05-31,1042,32.002143429317165,18.200475662134934,0.07869416914633054,6.2354221690052904,2.143812784632685,0.003630898800153533,2.51804689450226,0.49148549992314366,3.001717518308518e-07
2019-06-03,1043,32.04628965859245,18.24026885806542,0.07893521734068684,6.300124370765205,2.2034629216758828,0.004247211408849883,2.5498777417727334,0.5100987426873994,5.769045918351356e-07
2019-06-04,1044,32.13567099899282,18.21485585107815,0.07768886725889579,6.421733947825495,2.238592628864672,0.004122304729787435,2.5777194035561086,0.5400576345443872,1.8146120646077397e-06
2019-06-05,1045,32.39053867718044,18.457025519231642,0.079273590928444,6.973306099948085,2.754116073023696,0.011342759134481493,2.653224714832175,0.6050680897422057,1.1598477341473407e-05
2019-06-06,1046,32.428806821928,18.48567270420478,0.07938475617227694,7.058901901454702,2.8391858282987497,0.0129100288825414,2.6673983903006655,0.6358181405043475,2.726041910211601e-05
2019-06-07,1048,32.44490699869058,18.525827295808497,0.07988843362560327,7.666773821625635,3.412946004459103,0.02467967496817826,2.916617636291042,0.8677332870591457,0.0007760703446259795
2019-06-10,1049,32.465891909769475,18.553553705324074,0.0801446100305455,7.839598438898552,3.5515566128983305,0.027288241761488592,2.9915187837124,0.9422232607324786,0.0014985846192523647
2019-06-11,1050,32.35487904408495,18.488870697630464,0.08012433061000661,7.948400624491543,3.6247415869205275,0.028320454221230435,3.0349962650986795,0.9831455211286888,0.0020216958110335663
2019-06-12,1051,32.27344750828157,18.415181584252753,0.07968001694058756,7.993425981225486,3.6743326551408306,0.029594393924962176,3.064906595219424,1.0423555981550292,0.0032782513401720726
2019-06-13,1052,32.236676747290296,18.394081799282514,0.07967807834787079,8.051255420464287,3.6816690331387036,0.028753525690687592,3.119717351517841,1.0445787937599222,0.002821177045216009
2019-06-14,1054,32.01028306749162,18.284698529347356,0.08000456185225747,8.207844449305552,3.756930863338072,0.02890933492792741,3.2237017797135135,1.0887791619364622,0.003068004668434819
2019-06-17,1055,31.976765263397855,18.260515788136615,0.07992136709609667,8.29966640147123,3.813494522308237,0.02952581589888643,3.2729412438828547,1.1223479218120573,0.0035437365234888846
2019-06-18,1056,31.928002573925987,18.225392837736784,0.07980103724629861,8.422489180127007,3.8946391086419916,0.030573091965929826,3.4871653153444813,1.2587169103795435,0.005598530576072062
2019-06-19,1057,31.87668314984609,18.20210330638452,0.07990049396707667,8.458383893749923,3.92223341451728,0.03104290301717934,3.5851664422586627,1.343357910451957,0.007612059548672928
2019-06-20,1058,31.808649707847774,18.183904079661282,0.08024348668334239,8.546249309183258,3.994348568177028,0.032388299094073265,3.7093852304514434,1.4545032181207014,0.010763754527625615
2019-06-21,1060,31.72603954035929,18.119002045411122,0.07994907620634073,8.58504181845639,4.018113354747268,0.03263173850397952,3.8013989347125086,1.5435270567638086,0.013785666588617221
2019-06-24,1061,31.652194250307463,18.339715386213808,0.08436854963233043,8.605931231950496,4.026639707009382,0.032577753722041435,3.982428090999517,1.637192479286854,0.014996069324333401
2019-06-25,1062,31.803368102618183,18.343932339046965,0.08296655942964472,8.604629248753513,4.011534653816847,0.03195509096530272,4.0379477580567045,1.704396426014181,0.017829672486098815
2019-06-26,1063,31.943157418608436,18.36178297940925,0.08191971255771312,8.646651623550241,4.020817877127813,0.03151798963718224,4.116084255038763,1.7685580615352976,0.019945722983846788
2019-06-27,1064,31.94944977455776,18.325147528296093,0.08125055190974258,8.720866864538433,4.072421303960692,0.03223815695411478,4.108161978226271,1.754083981249253,0.019177864540150018
2019-06-28,1066,31.936630441159163,18.289258717380015,0.08077689940865926,8.752811784110209,4.063727557602563,0.031248999442963634,4.240857955668435,1.861502578410455,0.022715215146079833
2019-07-01,1067,31.63528550544774,18.06238896410637,0.079869242893512,8.62088483166425,3.948059077292205,0.02899346000005632,4.4939654394483135,2.0572979524190136,0.028932732900939853
2019-07-02,1068,31.291414285862203,17.858978948132616,0.07974990216513143,8.502446472142614,3.8514117902913623,0.027270904633913056,4.704871200775189,2.201380823885861,0.03257876979562272
2019-07-03,1069,31.045447837070807,17.681074996054157,0.07911274629495185,8.461010521281779,3.809582656435798,0.026352251447427217,4.884030420664133,2.331171220749164,0.03616234810185735
2019-07-05,1071,30.775436630363615,17.493611232970462,0.07853698573043452,8.405216179080746,3.755784998633621,0.02522506015286773,5.0837808771002315,2.4774108235751577,0.04016441132912596
2019-07-08,1072,30.673860792689663,17.321251963089857,0.07658063852523264,8.27202821831197,3.6583298137417026,0.023750041823985303,5.22480507418567,2.6178105315325326,0.04594825922757341
2019-07-09,1073,30.659284846792463,17.30092989017061,0.0763750140615452,8.2476462427286,3.6339575712334473,0.02323159392510862,5.306340876164532,2.67370885391663,0.04718489944585974
2019-07-10,1074,30.62824698814748,17.283575386188836,0.07637773765264567,8.392385832248362,3.4906931268396764,0.01620712315046849,5.259554165309489,2.845898875223095,0.06458541526088117
2019-07-11,1075,30.589957226836084,17.25800209861999,0.07631016815134421,8.36024777438128,3.472385411851369,0.01605608381168958,5.377084180701071,2.9359889712787064,0.06703507134408405
2019-07-12,1077,30.565620611245805,17.236988774516508,0.07618603847824694,8.273891928002932,3.4056901602474388,0.015122510331979292,5.474435924043468,3.0178138152306273,0.0696715192592677
2019-07-15,1078,30.60549169523411,17.25691945506439,0.0761425817447017,8.230249177576264,3.357000833276161,0.014219606681446936,5.6132636021323465,3.140138614960207,0.0738430430292451
2019-07-16,1079,30.611991157405193,17.251570166598153,0.07598929672782807,8.198105166546064,3.3259697743608583,0.013706043423036744,5.717937335663867,3.23301457341698,0.07695921679608454
2019-07-17,1080,30.577934258154986,17.30916018480665,0.07729938627785517,8.238674801921235,3.266625642536845,0.011666483785121933,5.757389157055993,3.296321512332222,0.08070495661218419
2019-07-18,1081,30.602151651923396,17.328979900913907,0.07740385429375896,8.196474703078696,3.2263999520886015,0.011071316570998541,5.8406454937954075,3.3707241420923273,0.08313888751608126
2019-07-19,1083,30.599005660523872,17.3271185311248,0.0774024880086093,8.149417889528447,3.20325866271913,0.01095589771503686,5.862616876548748,3.378837210353954,0.0827232812853756
2019-07-22,1084,30.617438667357234,17.34815132402668,0.07758361242260325,8.142679192375486,3.2023529442202157,0.01099940883166539,5.92011629012283,3.425122764908753,0.08390952110807691
2019-07-23,1085,30.64089112265754,17.387867427696083,0.07803559815942461,8.107184668363352,3.176725557013292,0.010708899997504701,6.001329836474741,3.4943017464979578,0.08589482471936886
2019-07-24,1086,30.630886386522956,17.387905235867866,0.07813347615838573,8.067449418770218,3.1550303591982556,0.010557567835911117,6.040418534338194,3.519830741879751,0.08614181773171152
2019-07-25,1087,30.64729414892052,17.454660643609706,0.07911864043383679,8.023422045886296,3.152509416427828,0.010924939204117481,6.153080350584624,3.5756826577179215,0.08528480583469202
2019-07-26,1089,30.75445413765047,17.52496787090971,0.07927750733094857,7.986701466287264,3.129479834796669,0.01070801043845463,6.244254750571346,3.6498846967192793,0.08711641999011446
2019-07-29,1090,30.70970046486599,17.501368508706882,0.07931015549198418,7.9583503890558305,3.113412217172094,0.010583731314069677,6.249353700946589,3.6527250855393256,0.08710430834208573
2019-07-30,1091,30.712239039131294,17.498477152663323,0.07923573664192678,7.971874707824564,3.1320337555649083,0.010919295674956093,6.296355243440416,3.6851477635940286,0.08752950646168403
2019-07-31,1092,30.64431257733401,17.46943035809696,0.07940175539522634,8.003227358358213,3.1500676352149837,0.011064581461068985,6.340500935310903,3.7207818404725823,0.08836659350428631
2019-08-01,1093,30.59187739242563,17.41919048801981,0.07905137351347918,8.026472919689516,3.1760966145364957,0.011499234025301024,6.354937831912492,3.7312364573814754,0.08853586629129861
2019-08-02,1095,30.56795376449189,17.415866002985847,0.07922877831622618,8.056551918144507,3.1924409991220797,0.011614886034096494,6.392007091103957,3.760131470475655,0.0891417517527486
2019-08-05,1096,30.466578195744187,17.288505586345583,0.07802795435619836,8.08085387997651,3.2132569503292796,0.011908360069664472,6.415273235309975,3.770680107407848,0.08887595865495886
2019-08-06,1097,30.014880808355656,16.86670111768458,0.07515213247552718,8.08534262935829,3.216674322729778,0.011951536677224338,6.427580887077793,3.7668569372559477,0.08794270909228273
2019-08-07,1098,29.512374513943467,16.523436004439628,0.07408438624903185,8.04367005101772,3.1875373030076557,0.011620138949061595,6.428041400970622,3.7602794390750502,0.08736606489217316
2019-08-08,1099,29.549455628744997,16.56654766235679,0.07447532554522221,8.056566643442574,3.20660496797633,0.01198821077280003,6.4745625319038655,3.7925666702489282,0.08779014138859849
2019-08-09,1101,29.52686264312466,16.54821464904131,0.07437607611059087,8.027121242118088,3.184096492049151,0.011702039135583691,6.506007947128274,3.823314012206781,0.08881777744429457
2019-08-12,1102,29.54281084549026,16.56112267506184,0.07444556762693073,8.053799941024797,3.2046761938124475,0.01196618362881339,6.519404972064387,3.836563563220176,0.08926598550636078
2019-08-13,1103,29.582983346160912,16.61006607404142,0.07490796922983727,8.143083850646526,3.2727217535878457,0.012840280647062574,6.578621324723365,3.886828783711649,0.0905426614116753
2019-08-14,1104,29.562791055475117,16.60959458765152,0.0750985004976962,8.231821478701823,3.3502077553336647,0.01400606661276087,6.560567275724347,3.871652028798043,0.0901677169274196
2019-08-15,1105,29.45501578119788,16.5072924758929,0.07436456292119337,8.162093538877823,3.2780563835470753,0.012777235772115722,6.619287157050519,3.9296264981051814,0.09209336844778918
2019-08-16,1107,29.3187957715865,16.414119502259194,0.07406791139491456,8.089396343438983,3.218131198574442,0.011947412523429861,6.657983665687441,3.9675170734687013,0.0933229905879662
2019-08-19,1108,29.390857934012853,16.485161511847053,0.07460788213473768,8.123056832882277,3.2496985430143877,0.012432168696594793,6.668592775665265,3.980014773709992,0.09383232808553399
2019-08-20,1109,29.364928903735525,16.4742908630037,0.07467262248168015,8.173453461177546,3.2861421907721304,0.01287353059518742,6.654670027308092,3.9744346121548966,0.09405810533609815
2019-08-21,1110,29.322669542640188,16.439852344975016,0.0744832565240062,8.130665503391116,3.236661652965108,0.012003107206440438,6.691674747278064,4.013384473026844,0.09544690231694603
2019-08-22,1111,29.20437871005359,16.370240366108607,0.07442495658891235,8.277535910483616,3.3567446014857665,0.013665363993307044,6.651537694559341,3.978253086831429,0.0945293515957625
2019-08-23,1113,29.091846494604205,16.31980321685581,0.07464979007711414,8.29205417352382,3.363465083758189,0.013688679681649874,6.629866566842163,3.9554438443372866,0.09371132182802593
2019-08-26,1114,29.106660194968633,16.29868617753033,0.07412701171083226,8.2548137643693,3.3324206286021143,0.013244647434675383,6.680728021842912,3.9883851438523448,0.09392523419464503
2019-08-27,1115,29.19681027028308,16.34179269480305,0.07399658530212053,8.276900086839833,3.360187491906325,0.013769322000115313,6.669112247675077,3.9718987752796857,0.09313760877055687
2019-08-28,1116,29.384865252062482,16.382244540879352,0.07286074149538994,8.273915327742623,3.3685519441994494,0.01404059337165326,6.697236154550521,3.9813847686853787,0.09254220289370514
2019-08-29,1117,29.510489229358413,16.38029908966508,0.07161083744586678,8.302555982588176,3.377950745511308,0.013976465710478912,6.693251812861859,3.957728813173517,0.09080146481594817
2019-08-30,1119,29.785068995428812,16.508367793372475,0.07119358214893202,8.382276473448464,3.436191969181272,0.014711320889220378,6.700905899065607,3.9449180283983782,0.0893913199745399
2019-09-03,1120,29.710839223028284,16.566832043575474,0.07291011955187775,8.391875177779967,3.4872671569225466,0.016109153412560768,6.694883615923713,3.9420060896788467,0.08944279614077179
2019-09-04,1121,30.106169392179456,16.65953612308459,0.07073993597321561,8.467166281888348,3.525716083008665,0.01632599520261432,6.729059734526959,3.935572087436474,0.08730198975105438
2019-09-05,1122,30.25605183524473,16.71964340939507,0.07035612169923498,8.558861075414843,3.5755977197800584,0.01667998512303899,6.787841020017831,3.9617844585705706,0.08665199226613718
2019-09-06,1124,30.347179114299223,16.757216126572168,0.07014213838251013,8.64085352191704,3.6195117021138623,0.016972721148634955,6.849667630007325,3.997811334553053,0.08664736045345968
2019-09-09,1125,30.43480001217156,16.776663084249726,0.06965998726329814,8.765761440223873,3.688801947406802,0.017486450025725492,6.892022745592319,4.018086225117118,0.0862993854677666
2019-09-10,1126,30.44849105085387,16.796967370314427,0.06987233230917843,8.763989793809085,3.6338784498765624,0.01587636180108316,6.892569668380081,4.005883471500408,0.08532132259999119
2019-09-11,1127,30.489819267197888,16.819477938561683,0.06986753911633198,8.893560184118515,3.6575990211912903,0.015035220895934936,6.937510029055214,4.027240120691028,0.08495251865581721
2019-09-12,1128,30.47653417184923,16.80879030160415,0.06981166106063927,8.905809621854578,3.604940476280768,0.013494481209886087,6.928525979631796,3.9969608075334686,0.08301597186971783
2019-09-13,1130,30.514344087817904,16.82948717041704,0.06980906092424775,9.002730134298945,3.6332576405913994,0.01321703087369504,6.956008702416123,3.9981425261962937,0.08189237043116698
2019-09-16,1131,30.47887813024314,16.795459824189805,0.06956858604822437,9.103181032811923,3.6602503705335665,0.01288117113080704,7.01915642556662,4.031900896730466,0.08170023236415695
2019-09-17,1132,30.457670731801485,16.808076690747825,0.06997299863957417,9.249768100649838,3.709200509954976,0.012640640108312293,7.061359720073715,4.061784278150406,0.08212501469149676
2019-09-18,1133,30.28734961021783,16.797687083749146,0.07137774580154979,9.211497930303276,3.58533523428138,0.01019291250026116,7.089304480548633,4.029991548007745,0.07855435808644343
2019-09-19,1134,30.380473009863163,16.88118592375064,0.07191361120220327,9.279659868260806,3.6451935894437195,0.010905111016703257,7.128174692419525,4.060236612892719,0.07915575191601246
2019-09-20,1136,30.453902340609613,16.929946011702388,0.07204737488810654,9.378806122761164,3.69270489942966,0.011090950183893371,7.146296570421793,4.080190473548315,0.07986644561348161
2019-09-23,1137,30.48916642695964,16.94296700484048,0.07193685075892098,9.437639312075627,3.6864754357406966,0.010465074324267493,7.162597688390541,4.087570033339657,0.07972439217578679
2019-09-24,1138,30.529047809498785,16.94619999263217,0.07161975361039216,9.513791662265223,3.7118562828406194,0.010374757158932043,7.191214213715472,4.106264047680792,0.07989785404620327
2019-09-25,1139,30.676445684772062,17.049232471138524,0.07197344791600471,9.607631341438191,3.748375085854227,0.010372852015646404,7.292086731026231,4.1865186512268595,0.08154308947011285
2019-09-26,1140,30.604998998000806,16.99084561016989,0.07166127478993559,9.64878280905552,3.766634171366754,0.01041774877256077,7.297864666359607,4.184923841619124,0.08118586497467306
2019-09-27,1142,30.508718543321244,16.957108927510884,0.07199182257218008,9.66301174480225,3.7717927024264424,0.010409683603682373,7.272710657261348,4.168237852302632,0.08102097332088415
2019-09-30,1143,30.291763827217668,16.8729881887837,0.07260885837866031,9.632508979852124,3.7605166122854,0.0104225575546567,7.206762994906774,4.144232926682435,0.08203722744737044
2019-10-01,1144,30.24741013837751,16.873631011448825,0.07303937975471311,9.643904293444834,3.7625039982545214,0.010372387552359811,7.2567305826358135,4.1920008132732,0.083435718122365
2019-10-02,1145,30.60836816169656,17.14630069755219,0.07424030478189989,9.851192991309963,3.926364496334844,0.012107833197938768,7.578276195753637,4.451136650254913,0.08865258771560404
2019-10-03,1146,30.419747339831375,17.042853777004133,0.07427794196788214,9.796818576316506,3.892289442456144,0.011836521173387874,7.472003704720521,4.382861677040161,0.08822742729412926
2019-10-04,1148,30.573960751881366,17.072016181825642,0.07331228666199963,9.867816185065776,3.896904515857645,0.011334313200217917,7.591750651028372,4.421638191050402,0.08598752456162934
2019-10-07,1149,30.679364201359302,17.123549140043497,0.07318944739128852,9.907131878630457,3.907177153730778,0.011224720466880193,7.660983773754822,4.458271875465534,0.08572820298196311
2019-10-08,1150,30.781954136756614,17.142432567516234,0.07254885155624857,9.986291824839885,3.915192722181366,0.01075218099670706,7.748928640586966,4.468350668106179,0.08288598058184092
2019-10-09,1151,30.846871364544803,17.177296390477085,0.07252741898770873,10.039135645532635,3.9457065266726103,0.010949107535036527,7.82032508661895,4.515568731365838,0.08329879885104534
2019-10-10,1152,30.859052796782933,17.194880753944954,0.07270707040898942,10.064379669562879,3.9861297787553647,0.011574769061275386,7.825293653208071,4.53091802054904,0.08415187977989479
2019-10-11,1154,30.880570402086885,17.208817830636,0.07273945177902151,10.110707647325912,4.019056975840085,0.011879910416201712,7.8728259528465365,4.5512841849779155,0.08366544231539906
2019-10-14,1155,30.859227685422756,17.206888174271413,0.07290532494015423,10.146653612396983,4.048079822815157,0.012192099890051034,7.922622242284365,4.583700967329395,0.08391053629411621
2019-10-15,1156,30.82890452210733,17.205604653309443,0.0731659205801577,10.174764164000344,4.074851512485142,0.012526109770077037,7.972218127522138,4.621043705096436,0.08449168803579232
2019-10-16,1157,30.70976211692741,17.120083944148856,0.07284737694959913,10.366184817279818,4.15485681732196,0.012597276071530293,8.102867241938316,4.682921711280016,0.08357639193855784
2019-10-17,1158,30.698706913650522,17.105438048579664,0.07270545042490695,10.399439884551324,4.211918374716613,0.013547203435769354,8.146633594779392,4.7479159664807735,0.08619250833378599
2019-10-18,1160,30.703620494705714,17.087197655169714,0.07235488821650352,10.433285432153705,4.227481270045682,0.013588274135974224,8.184526205885707,4.759902038436474,0.08552815878658827
2019-10-21,1161,30.670623236930975,17.06710448048537,0.07232597911883304,10.436036660509851,4.238937144947999,0.01381852601164646,8.216821639440694,4.777220429016557,0.08543234639902253
2019-10-22,1162,30.706247782264796,17.082144721116542,0.07224613321993975,10.503830096284785,4.2914936769011085,0.014381398554142921,8.316629649217395,4.841484430435631,0.08583582657031211
2019-10-23,1163,30.672062718827178,17.05239718912104,0.07206692955113354,10.503470956129132,4.292763970808058,0.014413674795484551,8.314059260425536,4.823874643345307,0.08479397595915764
2019-10-24,1164,30.62300217663817,17.02957935378593,0.07214148173566666,10.496439017137355,4.290598376295328,0.01442983609608133,8.300830215504027,4.809137916418112,0.08433775527110488
2019-10-25,1166,30.53316317186693,16.991323278545813,0.07233790664616672,10.506536127859134,4.303057787975458,0.014620547734429477,8.303523093864152,4.819076907973257,0.08487900973351431
2019-10-28,1167,30.53952158525529,16.927571508760785,0.07121109639426824,10.512670139290345,4.3308963361242565,0.015208907690280023,8.325146180717319,4.903554435264305,0.08954969511906567
2019-10-29,1168,30.520467944346073,16.89407540844385,0.07082807475945331,10.485735149415108,4.336945589509599,0.015615961592859771,8.28096400284806,4.921070662455687,0.09242222504559384
2019-10-30,1169,30.38939861430112,16.80152349209909,0.07049315390461787,10.484830387236702,4.334826329893521,0.015574243815712607,8.311832196241419,4.929350813679151,0.091758812990155
2019-10-31,1170,30.293716174590163,16.747869276275786,0.07048050068193967,10.475269734665593,4.331958410600794,0.015600193963535831,8.4030949751859,4.980873596378607,0.09158940809314482
2019-11-01,1172,30.307356825415965,16.661807981884703,0.06891575108511058,10.448744783418128,4.337022973997191,0.01598764481206128,8.367177006310232,5.057591442883573,0.09805037267919557
2019-11-04,1173,30.284997011718815,16.691719352858684,0.0696203925235711,10.430302503615177,4.323338043757312,0.015841029697398576,8.454366097804014,5.09348898846684,0.09694706577678402
2019-11-05,1174,30.27922933887384,16.702472491192886,0.06985355501351928,10.406261298412145,4.312150530708242,0.01581133234247656,8.561305517985174,5.1558817056622654,0.0968153135110515
2019-11-06,1175,30.23697463530514,16.6757798542326,0.06979681380294746,10.357641238955825,4.278265106119129,0.015478261271666585,8.613251817392388,5.202078622860675,0.09777595688499172
2019-11-07,1176,30.192676347001534,16.640296318774556,0.06961133333347028,10.33451176578467,4.26562561497663,0.015403847967119962,8.657527950096469,5.2321870418253384,0.09799203683293549
2019-11-08,1178,30.131760655966435,16.59999750204163,0.06949831423156541,10.29033461257807,4.240036942572545,0.015226582261833837,8.70525974509789,5.2649237989574935,0.09824041533860975
2019-11-11,1179,30.101785729530175,16.58423717920216,0.06951098148643309,10.265776271153584,4.232689570124894,0.015293409188919905,8.728914842193968,5.277794652270945,0.09814897751677412
2019-11-12,1180,30.03695361694635,16.543532273857224,0.06942696183092631,10.23032389461941,4.212599554647992,0.015161168289119342,8.782753561831582,5.307418255432406,0.0979636275804708
2019-11-13,1181,29.976440714574945,16.5059766610159,0.0693556237486542,10.207607609806205,4.201001589979812,0.015107018262690224,8.8253919023964,5.329691142143343,0.09774373085567926
2019-11-14,1182,29.89322858693237,16.464964247923564,0.06943697956746461,10.175284330502969,4.186755840127832,0.015084225820819893,8.888263418721209,5.3661387202607616,0.09764871439003674
2019-11-15,1184,29.815957778420096,16.420878480327865,0.06941108854762774,10.147740603003745,4.1734167302696195,0.015035674337351587,8.948669230696815,5.39930572171976,0.09744387305308524
2019-11-18,1185,29.694884897343915,16.335865681815353,0.06909893485474812,10.049412364837632,4.120722487854308,0.014738156432794483,8.960792932133103,5.3793507954297155,0.09575805725790155
2019-11-19,1186,29.663657669182474,16.33271768988088,0.06933804758157927,9.967784409903544,4.075875042972128,0.014462861786257395,9.00858380580464,5.403088832995046,0.09545425924678685
2019-11-20,1187,29.572639246261325,16.247607062357954,0.06874031381539641,9.86242144342974,3.9972396257157734,0.01361331929171966,9.036932377817942,5.4190265468205725,0.0953891573685607
2019-11-21,1188,29.241360437419033,15.916620585052085,0.06618644785384158,9.731348171019466,3.8868369293484473,0.01229134066606686,9.001989179469925,5.3844800245674325,0.0945558733386929
2019-11-22,1190,28.931926159007403,15.659121946213869,0.06465900519650161,9.526266565907646,3.7522966543850393,0.011123882878161262,9.015569373551422,5.378310062966771,0.09368278605011307
2019-11-25,1191,28.946632226022,15.725045870368607,0.06565117313235044,9.470601304298116,3.737767247628132,0.011284632092764217,9.033219455614153,5.379654325407709,0.09312379540303053
2019-11-26,1192,28.646440088055712,15.465635087878622,0.0639879134500571,9.368569621967508,3.662495870047611,0.010528392970700016,9.01859832507744,5.368806630096184,0.0929934456942685
2019-11-27,1193,28.67869214456348,15.378631508116303,0.06220378940438883,9.373990506995712,3.578220042028236,0.008799795849951502,9.006115770038678,5.360637495750328,0.0929484318713501
2019-11-29,1195,28.486621345284664,15.310784138730796,0.06280644128520795,9.259138742758092,3.5361029845593297,0.008832804750105375,9.00264278125925,5.362550331815957,0.09319127277604079
2019-12-02,1196,28.236116285360165,15.208617757574054,0.06336998853485835,9.09682085840457,3.4449069893962108,0.008274522434643404,8.977288357425378,5.34388908368483,0.09297352981202246
2019-12-03,1197,28.120002913084548,15.181405357158317,0.06398761714936657,8.970873736962417,3.3612946729110322,0.0076105874865885674,8.949126483791838,5.318496800646032,0.09244440171417959
2019-12-04,1198,28.09750742257207,15.185574768131627,0.06427375258693963,8.924172817994613,3.360649330481058,0.007919313285695211,8.947260083088375,5.323104917155207,0.09279500367072711
2019-12-05,1199,28.11877860495663,15.22738200679549,0.06480613440201226,8.838039064975007,3.382212834176219,0.008972669758616979,8.934881628332914,5.321309803081003,0.0931373043745691
2019-12-06,1201,28.128451206359568,15.251262309288244,0.06513419684058709,8.727449855414081,3.316626217555643,0.008502788012287866,8.928041348760665,5.310991923901158,0.09275326250230269
2019-12-09,1202,28.151932695858378,15.268685062411695,0.06521676930124526,8.688374531598114,3.3262282335305,0.008999316995268278,8.940003832999672,5.317338235732313,0.09270600671539381
2019-12-10,1203,28.196115042313213,15.321050442410508,0.06571667890169615,8.55786942332449,3.233773041141295,0.008135262889309894,8.922469467438397,5.297487679652662,0.092126951808179
2019-12-11,1204,28.19586792833028,15.261785738085399,0.0646773762920175,8.595688036616641,3.070478233330001,0.005118779454336722,8.890949253955235,5.2996284227964745,0.09341442732713967
2019-12-12,1205,28.252292393317283,15.318409731307936,0.06513420840927393,8.60383714499896,3.1053597862035835,0.005594607178391548,8.896328942003741,5.30256572312138,0.09339778136352911
2019-12-13,1207,28.248699788903018,15.34441811745776,0.06562513026136398,8.607653768377897,3.1387161750038794,0.006098973840418021,8.89572410088481,5.305803405644288,0.09362020636915779
2019-12-16,1208,28.258645511818766,15.342717005145335,0.06550031551876734,8.602682438379512,3.165057739441687,0.0065674357323369644,8.910301917241966,5.313017310073775,0.0935287952234684
2019-12-17,1209,27.7252044650464,14.889973489490307,0.06260239135017603,8.37999167827199,2.9932426337314615,0.0051160162836359265,8.8139548885215,5.2250963597005295,0.09163215810412319
2019-12-18,1210,27.519761143388365,14.632423194168034,0.0600075044289624,8.382837566454628,2.8687737807660505,0.0034768234228392315,8.769655264111632,5.187549468295287,0.09092854707971232
2019-12-19,1211,27.495226207551433,14.658596498986098,0.060695579068053965,8.38257014558682,2.875188711398691,0.003551359462823722,8.773252610232792,5.186340033284541,0.09072080197164119
2019-12-20,1213,27.469973218561883,14.566292382915556,0.059313961193697695,8.392964409425012,2.8348587182906013,0.0030701170385343283,8.77319594009615,5.139069889694743,0.08779299049748765
2019-12-23,1214,27.653857410557507,14.512655358227322,0.056715173437228775,8.505087225848104,2.7901284194138465,0.0023015685868552215,8.887750930910725,5.123789227766368,0.08281077536308996
2019-12-24,1215,27.588497009396317,14.45165357256306,0.056259500027047805,8.478909245450641,2.7781612257197037,0.002273326820318692,8.85757580872966,5.102462115693436,0.0825741764658916
2019-12-26,1216,27.44251227408416,14.34942037641098,0.055818827992021335,8.446565225828778,2.780384673457699,0.0023822315155418725,8.772353595880855,5.058035842523691,0.08285778423048823
2019-12-27,1218,27.40141035501504,14.34232284216782,0.056065255988294246,8.42303763949585,2.803651940882883,0.002661845566847711,8.769877457671992,5.116495700307794,0.08652140974814491
2019-12-30,1219,27.368850661900947,14.318106769572418,0.05594224367999219,8.35776223232688,2.7709023541141424,0.0025591362794817026,8.620244151515118,5.03407210957835,0.08682667139824239
2019-12-31,1220,27.54372475847387,14.266354825391755,0.053522994875570114,8.288746700921568,2.7829319562656543,0.0028973644559630554,8.38543547312555,5.075919266390597,0.09853387433026506
2020-01-02,1221,27.32096649936907,14.060703834183276,0.0520074030329609,8.201989919038372,2.708002883072068,0.0024552993171009178,8.248304044073352,4.963806992315888,0.09657512491805878
2020-01-03,1223,27.400765522232252,14.098928061007749,0.051960066222896735,8.17538959745237,2.6977871456368887,0.002442254224279985,8.197291617111773,4.935221722226687,0.09671799094557769
2020-01-06,1224,27.370127988267058,14.039030873179959,0.05122692831342024,8.161436599782977,2.701211434001462,0.0025160984990611588,8.190388622338174,4.960565819516441,0.09871822327045186
2020-01-07,1225,27.48715284224134,14.163231061348519,0.05228978946833692,8.132975152530227,2.6960854812374273,0.00255638241957292,8.121891958895414,4.920464419703407,0.09881307899305215
2020-01-08,1226,26.898216895586174,13.610414646408962,0.04812118860399628,8.02941758313164,2.6066646172350874,0.0020676326912754737,7.946244340009814,4.7961422926121555,0.09756009457054397
2020-01-09,1227,27.2089667898818,13.8866854641963,0.050071056613859424,8.29723394890632,2.8545197646700804,0.0036526276490656522,8.104455627512301,4.9338924029025355,0.10046387586135609
2020-01-10,1229,26.9953858841826,13.722602725009319,0.04915779152221178,8.145603576981063,2.729069294418359,0.002838054166200541,7.93706174758288,4.831403124836143,0.10042291966907729
2020-01-13,1230,26.977608777023132,13.770557783372679,0.05010355098061136,8.136035606509648,2.753194266298973,0.0031254150908392683,7.950323707068585,4.854841480660817,0.10150364537431224
2020-01-14,1231,26.845366097709746,13.603267908515658,0.04844434055175377,8.111484842476038,2.7283924480199504,0.0029491357410632436,7.904752288545964,4.778108482854641,0.09805265735994198
2020-01-15,1232,26.89707128567533,13.62493482721795,0.04836964374561472,8.10571756814058,2.7435696363066073,0.003132349501263864,7.943691074351357,4.772523494998255,0.096019842966057
2020-01-16,1233,26.815577864898927,13.45576655660028,0.04627581138951906,8.006575153637163,2.629388447685511,0.0023265461576064497,7.83398457567688,4.5795647318615265,0.08714767227317474
2020-01-17,1235,26.669269755240354,13.385260941019627,0.04632328996792212,7.947489017023215,2.570901936958468,0.001992665534877424,7.673789199788563,4.492663722091133,0.0876231450366873
2020-01-21,1236,26.598936778961136,13.370335808705557,0.04665714619331009,7.860158389204953,2.548360607920387,0.0020396452890083603,7.590978536877526,4.392544832529794,0.0839612461014931
2020-01-22,1237,26.54660459823166,13.246493704687124,0.045064956215485376,7.774119290046428,2.4607846598639407,0.0015820103151666755,7.441288782957574,4.317734799257808,0.08481183586386101
2020-01-23,1238,26.263680442734575,13.152947926914804,0.0458479544731993,7.76037805242715,2.4856855116605936,0.0017961027612169833,7.446316440707888,4.373751511503914,0.088661486096338
2020-01-24,1240,26.259698648525124,13.26219649613697,0.04769887240888264,7.7375883478314345,2.4926304890157707,0.0019080342113269723,7.4549458352257005,4.314112805135833,0.0839816207559751
2020-01-27,1241,26.287558969700772,13.414073500912094,0.050030872758935224,7.755498457826013,2.558170464141244,0.0024321443704948217,7.476315229990179,4.345384547352263,0.08533820343404826
2020-01-28,1242,26.22321035554035,13.156135890799488,0.046236220775146546,7.620924944677704,2.4182509020630194,0.001624785075845637,7.320203768699305,4.276815804483479,0.08697015660890342
2020-01-29,1243,26.254279962724397,13.225710318123317,0.047133999385692446,7.634105866708034,2.4711282881556964,0.0020061527837916824,7.308826326359667,4.286892512324398,0.08820858236644746
2020-01-30,1244,26.31005678307506,13.243123689740678,0.0469561295161502,7.696169539620104,2.4766087120484768,0.0018864915952164548,7.29198477080896,4.28332060600772,0.08867779598536159
2020-01-31,1246,26.254015426742622,13.18850502380593,0.04651672742931048,7.5551824141109885,2.3382354578932176,0.0012329452571815543,7.175880995860849,4.188177363354143,0.08664521407586079
2020-02-03,1247,26.2131893955981,13.146397593350237,0.04615810163817361,7.659985261269833,2.423787294090355,0.001575866192170516,7.250940876651427,4.267530959719105,0.08930126941900839
2020-02-04,1248,26.16656621914054,13.059493025291642,0.04510827977430527,8.001223952359105,2.7283300343376578,0.0033608773616868367,7.529413947379937,4.521556704259701,0.09586766844095884
2020-02-05,1249,26.015271342435597,12.863363888089843,0.04313180145425673,7.9014784579462365,2.6593933208368123,0.002966788439947358,7.453589990017111,4.463230676498743,0.0949195958788266
2020-02-06,1250,26.261979885334785,13.036689136031377,0.04396052752700323,7.933698015812863,2.667067278451416,0.0029328489134211127,7.513367628894894,4.473214347126252,0.09302834272519879
2020-02-07,1252,26.02528930611944,12.857510232427646,0.042956640638945526,7.935292189109081,2.6389336617868127,0.002638336231859024,7.47520170468436,4.4382047363581485,0.09212660112696369
2020-02-10,1253,26.4210003911901,13.110306677916732,0.043874827659336424,7.981410148649396,2.693452513144755,0.003043956420763128,7.6746816507037705,4.5852990523402815,0.09417814062807742
2020-02-11,1254,26.328127971268014,12.844012767200738,0.04038037483634209,7.928345243807749,2.6456478508097185,0.002728743759929403,7.660771746577305,4.522847350809916,0.09030443292833301
2020-02-12,1255,26.657506314413464,13.189673280178,0.043270531383220213,8.328617484227458,2.9805668467719184,0.005201114770627478,7.99537326390222,4.827353731234616,0.09766832291165295
2020-02-13,1256,26.527722546832493,13.041347256804846,0.041939055319444384,8.227419083858749,2.8818100896154157,0.0043043822668441915,7.822464766226423,4.658727605064658,0.09313275514111706
2020-02-14,1258,26.813472702296274,13.015101537850663,0.039381183319738174,8.343479257642215,2.9023167040192686,0.004043279679927503,7.969428040229041,4.614224425247247,0.08414188259564674
2020-02-18,1259,26.559162839205634,12.696156938621142,0.036446953717316766,8.38399096379726,2.937696390288516,0.004318153120898505,7.89983740014233,4.521294744811936,0.0805937842660897
2020-02-19,1260,26.77494546732901,12.896563082455243,0.03788190085668658,8.509426930757263,3.0401118519737462,0.005125310369679649,7.989820186834382,4.605783450100621,0.08278750639934496
2020-02-20,1261,26.994449303959023,13.0079889318621,0.03796607498315317,8.575370985738623,3.0101722999932656,0.0043884818099700785,8.06272782673367,4.656550724419899,0.08336605969230917
2020-02-21,1263,26.7156570109509,12.766098757631152,0.03637564841034054,9.019454723884346,3.3974401202261015,0.007936024102383785,7.98182412885121,4.589658376971231,0.08201911950700447
2020-02-24,1264,26.72696785032676,12.785249824992254,0.03657709811532612,8.727213986601875,3.16227015297339,0.005783783092121673,7.856096904524469,4.478398793885071,0.07939281091562336
2020-02-25,1265,26.452074014504582,12.895014277637143,0.040233731260151236,8.857457180485536,3.1030508400816212,0.004311344199036555,7.8439659903966765,4.466754561587108,0.07907522200461098
2020-02-26,1266,26.574920396700897,12.78301092237012,0.037624248690896,8.800655286702597,3.1360733562067544,0.005011933688094589,7.859210956395396,4.459376467000489,0.07800151636876725
2020-02-27,1267,26.42039489760675,12.8079882907037,0.03913106521501535,8.90134605270688,3.065201958860781,0.003684283273110731,7.827887973245455,4.558073109597564,0.08591199178516827
2020-02-28,1269,26.33618169146625,12.61824864057671,0.03687454860617399,8.86438790956845,3.104783542588402,0.004302675252968317,7.7827577281991225,4.514167261083348,0.08469451219799617
2020-03-02,1270,25.890321974331055,12.148672302176344,0.03307896282253756,8.994556494611803,3.244999405098613,0.005574373336341248,7.863158824528668,4.5971948220521694,0.08718723613237209
2020-03-03,1271,25.69248281745156,11.95760086288956,0.03166358984875131,9.10863564356655,3.3646140923946577,0.006785625956543407,7.850067847737835,4.5715222805641735,0.0859486373234802
2020-03-04,1272,25.561382604615325,11.794055199245596,0.030211167458329333,9.061463709346413,3.298655144425388,0.0060139908724648125,7.893922888015317,4.615781538915406,0.0872283630684765
2020-03-05,1273,25.46278862413904,11.844653795768343,0.031576704830679474,9.102677149601012,3.3791238934209478,0.007064296601971861,7.8625893055421106,4.599744800726952,0.08738551169310999
2020-03-06,1275,25.070099785692314,11.535982391326275,0.029764597051741278,8.813889548550673,3.1144456406547105,0.004654761241443313,7.877091411287291,4.611150164286987,0.08758617791917893
2020-03-09,1276,25.025354953049433,11.320087318542628,0.02705638643116211,8.735098075394188,3.049568042379476,0.00417836658122882,7.909370284843504,4.617992447658024,0.08676237955311913
2020-03-10,1277,23.7968210444272,10.740639425988283,0.026719800245970617,8.20994705481633,2.7663294199506225,0.0029992721957612465,7.804944739089562,4.562362977783516,0.08713203879276901
2020-03-11,1278,23.785052193399075,10.843351749572404,0.028270311785935042,8.232356990437374,2.840940433672496,0.0037584083987970405,7.892261747245209,4.598709064441525,0.08612714405499884
2020-03-12,1279,23.34408972207896,10.503758045233168,0.02625282816445938,8.249932486881635,2.8203586539035186,0.003443057709718503,7.9879619796847114,4.660971972371082,0.08656592800426238
2020-03-13,1281,21.27604320629154,9.372233820559886,0.023200641230240616,7.9015169747356016,2.535797218656689,0.0018332893067864097,8.060993231442453,4.717306149946782,0.08748562699080716
2020-03-16,1282,20.61031946691414,9.229839017184133,0.025548308911233115,7.826808530427911,2.479940604400667,0.0015992321558535195,8.085685168075626,4.733429313292189,0.08759762345780203
2020-03-17,1283,18.32142869075253,7.866123073478032,0.019850796599483536,6.959132904095946,1.9196500463638053,0.0002887276900681335,8.075778794077278,4.7521829666208095,0.08924704899243789
2020-03-18,1284,17.668078513277457,7.620850288896099,0.02042831023151339,6.7545403964524215,1.8368825321392765,0.00023583031475600855,8.079455775891248,4.75791537916182,0.08948731621240147
2020-03-19,1285,17.517556365503097,7.4007950939200375,0.017933755295019498,6.676328815900903,1.782883443390968,0.00018062350280287934,8.085242918470803,4.748044214786845,0.0885947305999566
2020-03-20,1287,16.815163350932607,7.187819667173094,0.01931489964036762,6.393862837434478,1.5906699711180043,5.829612830381418e-05,8.110670688220356,4.759632543790334,0.08837100664226429
2020-03-23,1288,16.59351672519268,7.1602622549482975,0.020479482425097097,6.20273488064717,1.6376926847843374,0.00015218046632992712,8.107270267335476,4.7776009192886795,0.08970926462658352
2020-03-24,1289,16.81466166201966,7.416711491130514,0.0233821821678906,5.208213803117523,1.152741287552317,6.239359288036056e-06,8.028035299294281,4.701425464025577,0.0877152812958966
2020-03-25,1290,17.38471915268416,7.734403934540303,0.02459450573986291,4.40896873048383,1.0219575891847592,1.601540105094711e-05,7.921812903910774,4.649225640929271,0.0883998781595747
2020-03-26,1291,18.073019075348693,8.44818245902372,0.03241308177730342,3.681293590604028,1.1564511356192138,0.001456228917532471,7.94457569506151,4.648652473782929,0.0874498091703028
2020-03-27,1293,17.483362583680996,8.639990977332827,0.04301756063904168,3.457592636632868,1.244232430518727,0.005454396986667165,7.931528959561642,4.646994931080187,0.08785771157742316
2020-03-30,1296,18.293072492811937,9.271803676947886,0.04849797282053158,2.622086073881062,1.6820121483548935,0.11902042529641521,7.881273499126661,4.607147187033316,0.08714345113994798
2020-03-31,1297,18.45413885720848,9.14146960325405,0.04351551847740504,2.492103046152496,1.5420307095953858,0.10606887893437598,7.89002001146883,4.619263069728467,0.08762354182226983
2020-04-01,1298,18.310034294296123,9.028431003040641,0.042555995235878705,2.4662928085577294,1.5570350708150216,0.11320113560903636,7.901809783758179,4.636100124609562,0.0883047437014292
2020-04-02,1299,18.126552617665077,8.933510319295488,0.0424530439049961,2.3653353796680348,1.5725395924868357,0.13254275647654354,7.9166543829781375,4.6470942410993175,0.08846128730405454
2020-04-03,1301,17.411988286195506,8.609649816861753,0.04313705339252402,2.181572827883023,1.7020814547035943,0.19994480667341674,7.865230871796381,4.610655632102613,0.08803019630958867
2020-04-06,1302,17.06170542695522,8.340738004613284,0.04079701927068635,1.8336126987697712,1.9548281347633105,0.3482486404705568,7.772343274726747,4.526723613174491,0.08598083372263632
2020-04-07,1303,17.02276478170796,8.314351210885793,0.04061927343902769,1.7578379819228,2.0140004687852247,0.3827671264346897,7.74566149097431,4.49707246154828,0.08500095284396691
2020-04-08,1304,16.99242044562964,8.28393666251994,0.04024266139111568,1.8597162700559104,1.926093298720583,0.3342754127346248,7.661040602997164,4.411320191798634,0.08244410817176295
2020-04-09,1305,19.24962455218235,10.138222889526464,0.05760158612784529,0.7119301606925735,2.7997664430148506,0.7992777185890783,6.745240292865724,3.620546976427487,0.06245599938235439
2020-04-10,1304,19.035831872981827,10.116995054476428,0.05989445641541485,0.7016226583116484,2.7631708351525286,0.799557833059748,6.718895249519587,3.5920074156980295,0.06141266433441459
2020-04-13,1305,19.140046524599615,10.226666800392644,0.0612644417639678,0.6117602643160954,2.785435703663365,0.8261607175264213,6.746983364828132,3.554113108191332,0.057648778601937165
2020-04-14,1306,20.33384805020951,11.179859317187626,0.06894304155193769,0.4511280242000536,2.935078106781536,0.8778445333874513,6.2326063515346375,3.1329649452445665,0.04666108681864385
2020-04-15,1307,20.50423648920553,11.192921336444789,0.06696733380093273,0.5880172646643572,2.9714094442072643,0.8431297986369474,6.093346478537487,3.122403620193003,0.050998516764540903
2020-04-16,1308,20.802751324698708,11.345376744358465,0.06671511369414916,0.8929999053077289,2.9893871079905727,0.7651510949649956,5.768288606658834,3.004197109698224,0.05484822308191548
2020-04-17,1310,21.43144903829839,11.834328772654661,0.07014765846518198,1.8516078777416682,2.3235891625010647,0.4255241904891467,4.908099963898784,2.241361713396804,0.028539842667871625
2020-04-20,1311,21.700184021681572,11.800730814515484,0.06593213819342177,2.075737267272516,2.397252098065754,0.38655491484987536,4.747322862293435,2.214883494407697,0.032083109270856704
2020-04-21,1312,21.833676693488723,11.941009399484095,0.06748030946271814,2.24521683490759,2.2494885763610935,0.3182303772180205,4.613735008506145,2.0379918760374007,0.023582523952755778
2020-04-22,1313,21.950545340216106,11.778354946990882,0.06237308861735857,3.0248873397653235,2.1891699365398725,0.16704822646388073,4.2467601871617795,1.7999583512589952,0.01830620043026812
2020-04-23,1314,22.153266127345937,11.819232608843462,0.060883511425277904,3.2911175012570375,2.0890334456197572,0.1151581583795277,4.130682674973938,1.6760805371106993,0.013720863157027665
2020-04-24,1316,21.94016474771983,11.732931366282761,0.061488752382172523,3.406303045317506,2.023079242684239,0.09223540597467365,4.167360190170664,1.6702041383144797,0.012591444639920868
2020-04-27,1317,22.50701021554241,11.571615030239052,0.05177270073548359,4.5196373083692105,1.911744357481929,0.018071828630677304,4.028886034855163,1.342155414850186,0.0026838587313031056
2020-04-28,1318,22.884419403735077,11.62939020807183,0.04909001145402664,5.092684052866614,1.8752702684061435,0.006613447632567915,3.9521734860879025,1.2058446266326897,0.0010472527846774342
2020-04-29,1319,23.034945038547445,11.820173500708387,0.05132142701674668,5.268824178613106,1.702597140113976,0.001970913367862153,3.8088352833210735,1.1464917674910324,0.0008932172844070924
2020-04-30,1320,22.96012989942232,11.843379379374202,0.052544356987763226,5.168399229911068,1.6393346046230766,0.001617446345138511,3.803202919814219,1.1657596540583663,0.0011046357186163976
2020-05-01,1322,22.603872514009375,11.825281096683533,0.05594201036104784,5.51053609259771,1.460301543665605,0.00016093422720969783,3.668720186279128,1.022026665834859,0.0003311195594716888
2020-05-04,1323,22.56394363427561,11.785944137187414,0.05555896809125938,5.546079231050577,1.3726805732637803,5.3376585739423746e-05,3.6015588897778854,0.9430939442795718,0.00013406109145893173
2020-05-05,1324,22.495656024291648,11.714054867229127,0.05480755456119911,5.8045220039136645,1.3353988436721644,1.3822752032138603e-05,3.4785453359800904,0.8302848689927725,2.7947056884326055e-05
2020-05-06,1325,22.5987381686809,11.660598429495236,0.05261800796830148,6.27589683383751,1.4557316992272644,1.6239803592746844e-05,3.4166533878062184,0.7220649917565177,2.22558486606671e-06
2020-05-07,1326,22.593380770720813,11.670466097576181,0.05287443455809484,6.274922105360957,1.373288341127611,4.894312319240185e-06,3.3748837227428834,0.7029348027922049,1.5777016288192938e-06
2020-05-08,1328,22.47233465321727,11.6328969759404,0.05338521215829329,6.62621725804306,1.4006067912927451,2.2345854742625508e-06,3.247687397633005,0.5967407555486608,5.2574639833578054e-08
2020-05-11,1329,22.837784615126626,11.655580738710404,0.05006756991745294,6.868369436357672,1.513476559235714,5.67524153626046e-06,3.273575832525704,0.5712241529556317,9.995347163068948e-09
2020-05-12,1330,23.136437393358772,11.584887812370914,0.04581190275496082,6.992899461465108,1.4923040018265563,2.7863007874224017e-06,3.1902940623337606,0.5484497077720613,5.993789745389672e-09
2020-05-13,1331,23.39337113540107,11.595413911090116,0.04364674554613862,7.156236217434448,1.5476869183787532,3.767245011714754e-06,3.203885612453855,0.49740272824352083,1.1850874937124712e-10
2020-05-14,1332,23.37371311358462,11.622575368466833,0.04431896785890032,7.067191824200351,1.5267583490003596,3.676363561455078e-06,3.2316132964207145,0.5257739688217103,7.926488756903373e-10
2020-05-15,1334,22.951813721683152,11.51018023133948,0.04614717132383782,7.251872061538413,1.5159388851226887,1.7205498712924003e-06,3.0914142055082636,0.4503909207373376,6.703059405376532e-12
2020-05-18,1335,23.005387054182528,11.501262696138147,0.045473403288360546,7.243126001628584,1.5294537246144964,2.18235562221404e-06,3.126535534047701,0.44833057833603407,3.0865043766738625e-12
2020-05-19,1336,23.19587800214184,11.441146672098006,0.04262065347569789,7.644245702703012,1.639568977951314,3.126177473508259e-06,3.3152083278985702,0.3550113993623857,9.787920799057203e-21
2020-05-20,1337,23.55742471532507,11.447257717172638,0.03959878548278558,8.229154786374076,1.7535068890420136,2.6926731905724884e-06,3.5852928461309075,0.3149826094260359,5.11070046334526e-30
2020-05-21,1338,24.234402139705274,11.464515495425989,0.03452706693717006,8.513221665224515,1.8663715827492293,5.0819598519633585e-06,3.9730005753213358,0.3487173735962439,4.5216866512855476e-30
2020-05-22,1340,24.98223265986102,11.784882670905006,0.03401834545640553,8.788622363454945,1.8939420811186924,3.4775894026828706e-06,4.280530588369599,0.3429380471739593,9.368133411688263e-36
2020-05-26,1341,26.683470605953374,12.74279444520949,0.036259567537713505,9.89213566151507,1.8770230822109923,1.363350822928933e-07,5.227031751438928,0.5496899043577316,1.9240163198436263e-21
2020-05-27,1342,26.570271158607284,12.668463482196348,0.035962120046548654,9.787808060316534,1.889248637950274,2.2094335718849574e-07,5.115066816270483,0.5052583000657633,4.3384950002996896e-24
2020-05-28,1343,26.574012761264253,12.620278307718333,0.035233913696265516,9.755922597396793,1.778891949052753,4.1518177700297143e-08,5.068398393962088,0.5188315080721406,1.5314819806154266e-22
2020-05-29,1345,26.398884208409115,12.637566792636408,0.036714795621546635,10.067660403963332,1.8576411873558984,5.973464874187653e-08,5.37603845232769,0.48188664996414726,6.67628394302785e-29
2020-06-01,1346,26.482150388815967,12.679452064252153,0.03674483370268092,10.194975808606237,1.825767648604068,2.3513073872420573e-08,5.458085372974666,0.5523080831766697,4.9669280682029744e-23
2020-06-02,1347,26.919805572661595,13.057922528250787,0.03924880777569934,10.9906761031619,2.075305420813604,1.1841098835782307e-07,5.874792935399616,0.9136651712186558,1.2767206061182224e-10
2020-06-03,1348,27.745359649156065,13.652616328814101,0.04212961253132643,12.125772326320845,2.533634538677753,1.7020581017073794e-06,6.729887057305073,1.534058349767446,1.1493405961417997e-05
2020-06-04,1349,27.52267403785028,13.509427072695944,0.041620593796628205,11.9261979330909,2.475425690720083,1.451227153555809e-06,6.524953352661775,1.3763213327992208,2.1280791628890488e-06
2020-06-05,1351,27.59613777651321,13.653301105282663,0.0432584171094163,12.177867505835454,2.649219221269866,4.290783450257372e-06,6.779663680813305,1.7135099490349357,7.602588792565835e-05
2020-06-08,1352,27.599781031500072,13.713556906615592,0.04415767592133091,12.114774359813103,2.710556595368384,7.841054898393169e-06,6.675451421854366,1.7675121608267519,0.00015888811776787842
2020-06-09,1353,27.613973112722384,13.692255300148338,0.04372071521471059,12.035686597262565,2.6754181763493894,6.8396361248930945e-06,6.50827306639897,1.7460655543062606,0.0001934704167653132
2020-06-10,1354,27.950891602785216,14.003568535862927,0.04593571988149639,12.813506153351701,3.2310320802310017,7.316165668146094e-05,7.891803999997108,2.8523342803405036,0.005661157204280341
2020-06-11,1355,27.712243061108456,13.897299618821966,0.046143974256169756,12.439586703080945,3.1123064608755913,6.417661099648055e-05,7.205442207518899,2.57291937675286,0.005102464461762736
2020-06-12,1357,27.654459005342204,13.86675510134634,0.046119363478916424,12.49725827926254,3.1853964825551464,8.734515846842271e-05,7.314483311452175,2.779350279167387,0.008495280195160325
2020-06-15,1358,27.714931521524164,13.961575528439973,0.047134877024748764,12.608488327064146,3.3881876836155964,0.00019819389927145628,7.41066459940422,3.1189800017899874,0.017501947696919564
2020-06-16,1359,27.697508212628335,14.040263294102196,0.04852747197827128,12.817963580465875,3.6521884064622845,0.00044866892521645444,7.729039232825484,3.6468254355723215,0.03405766309079583
2020-06-17,1360,28.225979313041705,14.503314020969524,0.051633786890759245,13.432885852670351,4.211480065425525,0.0014247580371235732,8.956515396936036,4.785017188772863,0.06123658575452742
2020-06-18,1361,28.20793446361708,14.350087815056261,0.04933354187086689,13.390689503008081,4.009099056157847,0.0008375591994987596,8.845279407461435,4.442610651901849,0.046479857818221816
2020-06-19,1363,27.902036779838262,14.239003834276538,0.05004843650261924,13.275241043990771,3.963680179792923,0.0008103911645301916,8.688019140708343,4.400788531550703,0.04835946001986371
2020-06-22,1364,29.63519568058727,15.027561663851376,0.04860319483448635,13.464925287164416,4.266272134635629,0.00159875553927976,10.11998031696081,4.911280141934904,0.03934517405938895
2020-06-23,1365,30.97859176967899,15.337777300960399,0.04340854054389303,13.799860898674194,4.451114890311661,0.001933145467264968,11.14553577320136,5.078147913479088,0.02817771103246191
2020-06-24,1366,31.59111827429901,15.142764362591699,0.03695881654436792,13.931225418591065,4.466826057141491,0.0018157699238574704,11.601814586696973,4.893528676567645,0.01774730923200659
2020-06-25,1367,31.770921478533367,15.411874649152008,0.03925943328106139,14.136469340209581,4.703036077629099,0.0026486769399020095,11.934089241405303,5.314989261744281,0.024744729954423533
2020-06-26,1369,32.08872444576831,15.002330378672374,0.032442472199962206,14.135042229110368,4.691512877288032,0.002587672448180357,11.90895735766539,5.19622654753727,0.021914460895572925
2020-06-29,1370,31.971041850775688,15.046943012581368,0.03360720326171387,14.077207912528937,4.745550513676965,0.003013069104239376,11.756302420011204,5.301622536134558,0.02658952957118099
2020-06-30,1371,31.922719579287712,15.019697071676504,0.033554052813544136,14.376974012952797,5.0316166393202115,0.004272254711672304,12.248431076096391,5.793619544538884,0.03450466383532895
2020-07-01,1372,31.96563894049358,15.046383422904466,0.033630591398025135,14.603132350475116,5.1777733094589,0.004797131262594706,12.634666141079155,6.03078170673056,0.03616836195467814
2020-07-02,1373,32.66311925611607,15.544135814765214,0.03561336052188615,14.991067841218957,5.417599193949775,0.0056556471354368264,13.452721317864084,6.58555422031919,0.04107598278305833
2020-07-03,1372,32.66161098898613,15.531567464359144,0.03547294821791439,14.978071921524595,5.418867259337804,0.005708711581804542,13.444729688101948,6.571354044701217,0.040760273860297826
2020-07-06,1373,33.034717665302566,15.744437285588333,0.03588894345201354,15.360679221373402,5.562117727153082,0.005750829382756147,13.877559350885248,6.762470365161792,0.040155722116583935
2020-07-07,1374,35.3010401369826,16.779058264134676,0.03538935783297461,16.30576851979586,5.844553375490948,0.005272295661776605,15.238752662158209,7.246438241072613,0.035471885424217156
2020-07-08,1375,36.97341829475355,17.926099715222136,0.03915571367354198,16.852358751216357,6.130639770140069,0.005980029516417536,16.072272944112637,7.796098886650842,0.03924784486915569
2020-07-09,1376,37.75460912210481,17.83980137706957,0.03431816938232723,17.072256665776017,6.0295309801101284,0.004633889139442616,16.495417037237182,7.72963702574849,0.03283884546448284
2020-07-10,1378,37.89505297814078,17.92275905272482,0.03448506396025255,17.064271803665505,6.0336441417710205,0.0046812504396368535,16.53890276923701,7.764867311773167,0.03317442684991796
2020-07-13,1379,38.947861272455896,18.718130776080816,0.03745625348602329,18.434659659196065,6.820606651062592,0.006876040962524564,17.226693794771318,8.245679643023115,0.03669168897241699
2020-07-14,1380,38.9526632139512,18.72669999411723,0.03752001213530398,18.19449559055116,6.7997360230692845,0.00745589060587702,17.097413031621144,8.22589404085355,0.03766453592907057
2020-07-15,1381,38.954559456764095,18.69966323149708,0.037235818298569166,19.37618442259338,6.893156225813649,0.004939842508729331,17.669827666725087,8.286920698696335,0.03298589347038531
2020-07-16,1382,38.98530093066447,18.69846228838376,0.037074121049868805,19.283808642944106,6.744374282409515,0.00424652621289315,17.619869799970132,8.216306875372346,0.031992848298133696
2020-07-17,1384,39.00165885318797,18.63552449075655,0.03636110250824276,19.59437467627916,7.081308509255071,0.005656509949233751,17.81471386954147,8.456681108157387,0.035153606073283
2020-07-20,1385,39.09776793318281,18.55883904090711,0.03514423845547661,19.869179868142943,7.05182891320867,0.004838518359677138,17.996339418606844,8.46113016678362,0.03342484072291824
2020-07-21,1386,39.565622320439516,18.83425241845161,0.03566493898739239,20.23327267763426,7.235684649880013,0.0051688570583984725,18.34868433537345,8.637249318504443,0.033639497069412834
2020-07-22,1387,39.56812793001024,18.784282229375403,0.035165389955986844,20.286935306198426,7.237231078079254,0.0050608489861674304,18.438510994292578,8.645109289191712,0.03293902980852913
2020-07-23,1388,39.4632986042985,18.71797888543799,0.03500419950453709,20.16696009675098,7.113890326142338,0.00458442191229344,18.284264612973953,8.493960997933682,0.031348608282887006
2020-07-24,1390,39.287777751882274,18.66387165031234,0.03528977865214751,19.83183962861561,6.909897815498315,0.004103904794318317,18.000553904228596,8.327365337164245,0.03064790059464827
2020-07-27,1391,38.954883157012375,18.346795483956395,0.03373268148888686,20.471909474209482,7.435340746178761,0.005899330228565492,18.46539233880099,8.783915008928343,0.03553729291732247
2020-07-28,1392,38.91572747804054,18.33342286329134,0.033781877017513194,20.33525111368586,7.3682245496037515,0.005782654695839208,18.37717205000946,8.749693405827939,0.035700540370632375
2020-07-29,1393,38.816147712262875,18.18380686821562,0.03278923068392032,20.45183860859627,7.528648106667758,0.006596915284754026,18.47398115437194,8.909018586390246,0.03811396908833513
2020-07-30,1394,38.851443503881995,18.213150451998214,0.03291214580850627,20.24859263337839,7.422086853355928,0.0063689952450689345,18.28086440653799,8.80423613476163,0.03785961117020068
2020-07-31,1396,38.866277519609035,18.17511033785193,0.032481519301445605,20.087084102432456,7.284591341691072,0.005824953052241524,18.168305162853443,8.639154411601165,0.035464115821711696
2020-08-03,1397,39.05788223491673,18.32459951563027,0.033052471029236107,20.26767659915099,7.444152686575766,0.006476446348558013,18.683684178694175,9.045622662282053,0.03887623205239953
2020-08-04,1398,39.64023314575422,18.550914701643446,0.032611461103191366,20.55910750288716,7.643846682648563,0.0071531612172552805,19.767375339612613,9.586072472242204,0.03919885887178104
2020-08-05,1399,40.24913793295319,18.613871100910707,0.030593551555232308,20.63193197784009,7.803167902850334,0.008192161217055915,20.348326983777945,9.750854503996855,0.03690395609935759
2020-08-06,1400,41.20931637316748,19.18710714360455,0.03173276347145452,20.559285498224746,7.784137388419534,0.008261851699351341,21.04010649096248,10.164198462244231,0.038450357439771744
2020-08-07,1402,41.172700203065745,19.21205875730061,0.03210783968061144,20.38603517056873,7.71653971283859,0.00824515759117981,21.082073839953537,10.194547772025627,0.03864233792062425
2020-08-10,1403,41.05779995271888,19.18112999641665,0.03231189268810394,20.33607363355448,7.69452290422658,0.008219239764489291,20.861651434910453,10.0776846401149,0.03844450026430196
2020-08-11,1404,41.04117686704675,19.195444134236205,0.032511173842552574,20.317377644783296,7.6493900638886325,0.007905529652776763,20.870037829838154,10.065948262055924,0.038141529430490574
2020-08-12,1405,40.89645889654984,19.068893651737852,0.031979347100680476,20.420999783974295,7.751447510870156,0.008426734572703263,21.083496264586177,10.260520029839686,0.03989663387822593
2020-08-13,1406,40.70970165029649,18.90661361762105,0.03130304176377342,20.569926864757,7.867639948408826,0.008935875167536397,21.52188644974327,10.589845637944288,0.04212192676670227
2020-08-14,1408,40.50073547894382,18.93461130230835,0.03243737117268848,20.484626101057884,7.65680440346853,0.007465143236490763,21.596709180567156,10.49498625785751,0.03960817894421558
2020-08-17,1409,40.669847355721096,19.04464787830727,0.03272018242744378,20.479777196173163,7.706182882490402,0.007870452380425344,21.86977435667352,10.7312236564306,0.0415542148452087
2020-08-18,1410,40.90078474171945,19.27289712965905,0.033821632732504506,20.43161089394965,7.700986011391711,0.007975240574107437,22.09477506099913,10.957990522928434,0.04376691005778248
2020-08-19,1411,43.18422651488617,20.523134824663895,0.035363357400166176,20.278095138389624,7.63884061197459,0.007940161201433638,23.183664668027617,11.643569758320838,0.046468450879754944
2020-08-20,1412,43.19881581738231,20.228840109857877,0.03271967484086239,20.25930966267657,7.60181336468119,0.007697395736417469,23.108435574468906,11.447679345691753,0.04352744762884204
2020-08-21,1414,43.47536574537393,20.4616005646771,0.03360919285191969,20.35291694064556,7.676760604603711,0.00801973841260125,23.479764905757925,11.69043601957161,0.044594507206641876
2020-08-24,1415,44.063339018790494,20.810294569255277,0.0342274573761486,20.592880832367495,7.793569319392811,0.008234718445481008,23.80439956768138,11.903402719168806,0.04552209320713557
2020-08-25,1416,44.14275277514036,20.837525406356132,0.0341390173149826,20.844991323653787,8.027673518447582,0.009414008371794914,24.291700517542317,12.365027474412797,0.04946647694732405
2020-08-26,1417,44.08846104951108,20.9039389323506,0.03493610177239316,21.46107085674157,8.031500416841398,0.007537542409140777,24.624583062732597,12.417133704496898,0.04735477472758779
2020-08-27,1418,44.22655171136138,21.05012543427122,0.035639973035048525,21.933656853899212,8.063173715496761,0.006523726175013879,24.89757782636329,12.491890874855644,0.04625058456767077
2020-08-28,1420,44.18869370391814,21.090307692545476,0.03615203328411027,21.881151918057657,8.005853621306182,0.006273287195127866,24.96851432157951,12.468877787277979,0.04523454585992745
2020-08-31,1421,45.01922112109428,21.86123778678053,0.03946387001534415,23.57271985044311,8.911825030762461,0.008166538456316434,26.351456326576077,13.374955681862177,0.04881443734602514
2020-09-01,1422,47.341743945268334,23.829744340338976,0.04695941697411725,24.211626160542927,9.352912246972798,0.00963466944212112,27.679866798623053,14.4166196380209,0.0548582753386547
2020-09-02,1423,48.32087187111557,24.56773995486359,0.04920138622261433,24.42407509823767,9.500910767574105,0.010149061999042322,28.14641053658244,14.727910557928285,0.055992597723423305
2020-09-03,1424,48.03740304339635,24.223412568314977,0.047356474632435856,24.325744714118493,9.386658577413659,0.009555206198948861,27.9423399265555,14.495187487124346,0.053892735381244256
2020-09-04,1426,48.24893614254107,24.25733200990321,0.046696185280491,23.658533203631414,9.27587869199284,0.01075550644475327,27.39170512150316,14.347523813625674,0.05624157541835942
2020-09-08,1427,49.234423710753276,24.85331242702736,0.0475912203752432,23.103339023653024,8.915359843811816,0.009558396395105823,26.668898526216424,13.95145812661561,0.05593404133288522
2020-09-09,1428,49.503315815615906,24.893063786029632,0.04674107079745478,23.035683939040943,8.915057554625804,0.009768799444072796,26.57662932185282,13.955818580940436,0.056865864161972667
2020-09-10,1429,49.79370133292012,24.87686268895853,0.04532702059725985,22.896134090233243,8.915399463454206,0.0102241217083207,26.51268545149138,13.958202754899894,0.0575074314133868
2020-09-11,1431,48.95074231833845,24.22039819513136,0.043274134136414046,23.178473112856647,9.144298329936587,0.011252890355064726,26.75866170957626,14.11245614839311,0.057946507777620726
2020-09-14,1432,47.97882386039937,23.303424724678116,0.03950627508366045,23.40308770292307,9.35348277379006,0.012346879919217398,27.436377917142483,14.69364175764056,0.06186976830950539
2020-09-15,1433,48.32604736457415,23.115880835010998,0.03656398663834455,23.30747787423644,9.403285985976382,0.013187973874438003,27.570183690043987,14.578233139140343,0.05859921497119237
2020-09-16,1434,48.90007507395264,23.307895014137056,0.03590472341544804,23.162484387268478,9.388011059049727,0.013615873961125142,27.757417531236552,14.62663053917929,0.05773146065002278
2020-09-17,1435,48.95643262317361,23.44022221575334,0.03674687967493179,23.175381862945816,9.346601948211964,0.013154769297214252,27.79468648200895,14.69615034821252,0.05858560391802355
2020-09-18,1437,48.79652487250645,23.33805723829073,0.03654094413651577,23.25756046563619,9.37306072840242,0.013089690381111643,27.683619532353607,14.625621257343221,0.05838225566520472
2020-09-21,1438,48.48691458259267,23.177624897340156,0.03644112752993144,23.393246259085643,9.425304120344158,0.01306612242145996,27.52449269528722,14.522599178754934,0.05805439619451694
2020-09-22,1439,48.55523935392963,23.229949008125722,0.03659983779181311,23.19801957312179,9.46938753527208,0.014293918904059715,27.901238288413168,14.581999248772988,0.05569650538025304
2020-09-23,1440,48.515015316574754,23.179657444231328,0.03634918426390759,23.217444499230453,9.503453260754126,0.01456357923039157,28.166159422957925,14.641759350491174,0.054393851603189436
2020-09-24,1441,48.54647984668205,23.212221341250988,0.03649052391942621,23.185028408051174,9.49951791431877,0.014660727758653304,28.1481699105482,14.598280730803316,0.05383225572866098
2020-09-25,1443,48.49039462644628,23.145213954131105,0.03616649371206913,23.11015834088575,9.421381941572493,0.014169088861940396,28.238247899480726,14.69403184278804,0.0546372892777302
2020-09-28,1444,48.552315195367925,23.20871782631133,0.03643975873564739,22.97702583341742,9.312794029759765,0.013615384066359364,28.584310737116574,14.990440378808577,0.05654183340349762
2020-09-29,1445,48.668631112906624,23.186812380229636,0.03581875634028584,22.809110156835604,9.327002440704794,0.014465464468370378,28.76241595764347,15.012521606968013,0.05537845464919967
2020-09-30,1446,48.70995949926331,23.072998293034537,0.03476165859017519,22.888588516211698,9.400190244657162,0.014895619813938056,28.685215933620334,14.852280385003853,0.05343758557385559
2020-10-01,1447,48.79664228799957,22.834085767998758,0.03259727565640919,22.88386624472692,9.554653099383577,0.016618125802444855,28.66146456379255,14.749951576474857,0.05199724983037455
2020-10-02,1449,48.84441773809522,22.59747135471666,0.030656793622311607,22.780279350225555,9.787821920193851,0.01994342831143238,28.655093250853678,14.649579872913348,0.0504610128474052
2020-10-05,1450,48.852728336969335,22.59466482013666,0.030607728563536354,22.843432361261552,9.76725841312205,0.019347014605974,28.613211194745126,14.645793122490497,0.05073892684916792
2020-10-06,1451,49.143739853540914,22.285606322736683,0.027441571486325547,23.06997120460142,9.647734877268094,0.016791943805829688,28.571015373797277,14.646265604792552,0.051088313975083906
2020-10-07,1452,49.68383649952865,22.51493087969795,0.027334595121692996,23.7079350091429,9.904886194625165,0.016685772151350066,28.609401681139865,14.706203130294867,0.05172723001937056
2020-10-08,1453,50.92573251689856,22.53779972646717,0.02384796122323547,24.1513839621002,9.882247615563353,0.014528805191499917,28.695170085045397,14.76511735466196,0.05196260605451495
2020-10-09,1455,51.28414653449203,22.675211433791027,0.02371697858507597,24.2763594543508,9.954347020725338,0.014737358818725907,28.68076869419574,14.782359502677982,0.0523551026443755
2020-10-12,1456,55.15775758267998,23.44502194523096,0.018640540465035486,25.27650672391629,10.082181518032213,0.012174439259497592,28.818680728160583,14.873741748500692,0.052677635322713724
2020-10-13,1457,58.14484460332645,25.012848134964184,0.02009340624595183,26.5139519189959,10.618122702323538,0.012523234116250389,29.27719395607681,15.188352694475412,0.05390387194737085
2020-10-14,1458,60.26118887926022,25.509272847967445,0.01816072129252019,26.904412063781567,10.593415555597142,0.011093817170261797,29.428469881440005,15.258749337967007,0.05377690847407551
2020-10-15,1459,60.77419267714736,25.952917104690012,0.01919564909259167,27.0365897333074,10.769137448907296,0.012053907431570258,29.553267991479355,15.368154965354526,0.05447754935967523
2020-10-16,1461,60.80695365852728,26.097109228470355,0.01980475545295713,27.206364519850446,11.056203248336152,0.013865349686266916,29.54055727332891,15.39459342569423,0.05499804353696641
2020-10-19,1462,60.78689726029386,26.12655928502713,0.019984842791974072,27.233344277243766,10.873216845666443,0.012258085059132316,29.555406412323798,15.315702047620377,0.05363838489613376
2020-10-20,1463,60.61949822478206,26.03145430867821,0.019874861127422146,27.854323511432895,11.075575178780426,0.011905518951069647,29.803472254609694,15.443384111638265,0.05362496529570565
2020-10-21,1464,60.61169619088913,26.061606489267152,0.020034113993539583,27.83049051765343,10.978687938124963,0.011246146080616843,29.80404380401952,15.431493017047625,0.05343634231936919
2020-10-22,1465,60.82196430523511,25.87891312730127,0.01876071075150945,27.844213461904626,11.219807119838263,0.013075671605168942,29.795452462998774,15.476455897093588,0.054202891120401074
2020-10-23,1467,60.59894285878527,25.711925310535516,0.01843109211291797,27.883705647540847,11.296798669773862,0.0135762618846591,29.73805995145612,15.475282717900388,0.05464995163078577
2020-10-26,1468,60.81314549722086,25.810567276282196,0.018466273543794712,27.744806761871324,11.184891538710506,0.013117578329327381,29.680077061681715,15.445523831193581,0.05465644721572359
2020-10-27,1469,61.018609661016264,25.89307522307119,0.018445040973987286,27.682726049145593,11.158796781417363,0.013108846243007828,29.63449679836304,15.434197753839545,0.054851048867092335
2020-10-28,1470,60.982602115249286,25.872872024874635,0.018422781375828864,27.774472291938874,11.151198911713083,0.012748588969907883,29.668422178258535,15.415045938962836,0.054274345274232964
2020-10-29,1471,60.66445912891942,25.551379386928755,0.017586323815511368,27.82839210480944,11.246053859151864,0.013342176358912194,29.70536754909217,15.45535456231952,0.05460432422132703
2020-10-30,1473,60.81100279352931,25.692555787483705,0.01793911345803898,27.766077330853598,11.197262368965145,0.013148552686484944,29.636888419096838,15.403371324152642,0.054348057547157415
2020-11-02,1474,60.937500753141016,25.653011945312404,0.0175274678113688,27.674255002153874,11.188668966312337,0.013382751901304205,29.596412401172493,15.38805622152632,0.05443778548026097
2020-11-03,1475,61.19233858720156,25.751342925495447,0.01748830173790371,27.616585728692865,11.177365495837694,0.013482633196397333,29.538377945598278,15.370988885156134,0.054643938233807844
2020-11-04,1476,60.46343647693149,25.51687294300338,0.01780987858169719,27.670138742390066,11.154497051658923,0.013115179170151795,29.68307809553846,15.393338225690629,0.053816982000705095
2020-11-05,1477,61.24982562103345,25.91822246880338,0.018118111019431265,26.91490287111281,10.7429983970257,0.0122332468810596,30.41899773933758,15.710961047865567,0.05284761376548823
2020-11-06,1479,61.83577086144561,25.861365268533213,0.01680034714506644,26.75798766116022,10.723630098021486,0.012587338858900505,30.58540559474325,15.67455249853139,0.05102401390594428
2020-11-09,1480,65.91915136525755,27.73071474360788,0.017448556180973903,24.7074152482033,9.968322780187675,0.013190171324571289,31.461737086264222,15.855390201202301,0.047223205075447625
2020-11-10,1481,65.77361733595956,27.338455903218236,0.016132637591415346,24.87681120778071,10.263827970437406,0.015361760662095013,31.38050758751165,15.72474849580297,0.04597609756302028
2020-11-11,1482,65.85224904673957,27.404205417951456,0.016261279228864126,24.311096486463896,9.934804615866097,0.014402551286791663,31.572606449824274,15.821169017924307,0.04597829506521179
2020-11-12,1483,65.9645461180369,27.508987463399524,0.016488147032754516,24.078204118232577,9.749741808388807,0.013525483245292265,31.706702175918387,15.926966529146062,0.04650773265907599
2020-11-13,1485,65.89819993901435,27.50161153922671,0.01656795758184137,24.018513901951202,9.698779843859386,0.013269733842791835,31.76684396146196,15.967587164562167,0.04665067367828238
2020-11-16,1486,65.99821279898546,27.575767023457814,0.016695717669936987,23.97772751358899,9.742426932833228,0.013848636978337013,31.866786877670066,15.873590977225364,0.044692745088708456
2020-11-17,1487,66.1292193110485,27.638881100760415,0.01672875529857224,23.798922198253063,9.639502705103762,0.013553089498334758,31.96802886999646,15.926096353770582,0.04472056457573603
2020-11-18,1488,67.54723629195635,28.207355281151784,0.016635444297620663,23.23437834042515,9.39329765352127,0.013379454810180266,32.32948659726871,16.001216798450432,0.04333784475051776
2020-11-19,1489,67.51743629688657,28.199257837669066,0.01665219758900206,23.235766236376126,9.39469224289562,0.013387673994772456,32.31868823296932,15.960390303906538,0.04287445545386628
2020-11-20,1491,67.53320501655328,28.04611410138365,0.016043060177827268,23.2946080832253,9.37239228778085,0.012938792965266252,32.37793214389834,15.882844684816229,0.04149521691195029
2020-11-23,1492,69.0047331976775,29.03703650515191,0.017480672343318106,23.260376937695266,9.203180604504759,0.011490136005236195,32.7680011081946,15.90556455123637,0.039383288078479885
2020-11-24,1493,70.34611871498998,29.755060806016232,0.018070359993468836,23.44375209873182,9.156662596057819,0.010458352133969196,32.83333742874669,15.880617554576128,0.03868611206407137
2020-11-25,1494,70.39693639318172,29.770539898331066,0.018047069574151007,23.444054837416836,9.147328961290627,0.010378999781576116,32.82749347379202,15.873447992344566,0.03863289698775541
2020-11-27,1496,70.65118953234716,29.98951380157745,0.018479725784425416,23.401749520067373,9.170082035517238,0.010711657072916771,32.69964272162283,15.804671677227754,0.03854741064059929
2020-11-30,1497,73.96475197118845,31.714721522714655,0.019690705339327375,24.51787203588951,9.569891481549249,0.01040772660640231,32.45475200406709,15.456222169356165,0.03574770973743581
2020-12-01,1498,75.83304807988374,31.489885565861258,0.016032643215748967,25.873687950637965,9.352754002534288,0.005667470409184475,32.67827906102632,15.237555215225765,0.03198579735851686
2020-12-02,1499,76.95259753545913,32.049415533605405,0.016347616937292454,27.276094946160043,9.994101983702269,0.006348449107651363,32.68488758352993,15.203077711928982,0.03156421428211204
2020-12-03,1500,77.8503623998893,32.70115883941528,0.017281623313450293,28.02721874474837,10.535598233878577,0.007808501284678251,32.897775983494356,15.372523034766736,0.03235173514564951
2020-12-04,1502,82.27039038578451,32.250080281014085,0.010741016315317934,29.269208379554904,10.858478541387136,0.0070279591006514675,33.80125218509703,15.15066307009418,0.025680591796684967
2020-12-07,1503,86.14540980636326,32.257855939999814,0.007573273824894972,30.83044443389209,11.278475781223957,0.006265279310155762,35.170422149162455,15.073558229142476,0.019634880412848128
2020-12-08,1504,90.80078315772568,33.34573661955126,0.006469004754481834,32.47710960734114,11.795847120076877,0.005900386054740942,36.53084553893095,15.380128642360047,0.017539554959912815
2020-12-09,1505,95.70383664432869,34.04051991862273,0.0049315977138764105,35.14731825616986,12.293322669525924,0.004249015542453586,37.233169324371055,15.306225282313262,0.014992891527056669
2020-12-10,1506,98.53582021640571,36.05555624678708,0.006278155423394407,37.75219566944367,14.212522086473882,0.007901198161862348,37.13291110522245,15.230385348167562,0.014765470494130637
2020-12-11,1508,103.92121413728762,37.40540690874607,0.005465415931413296,40.74184829207059,14.902537441101888,0.006259158575494827,37.76046893379148,15.082461986205006,0.012293653974360491
2020-12-14,1510,106.90444993425237,38.060262059112816,0.004972333894226419,44.29890304936637,15.445706250450232,0.0041302333795279825,38.63225966010365,14.975857628668443,0.009890453986754076
2020-12-15,1512,107.13654066353413,38.33294687943187,0.005191666183660935,45.87307984420298,15.463830453398126,0.003012340013826811,38.96909002365652,14.87646909747127,0.008805566234296026
2020-12-16,1514,107.40361206086948,38.51590360943711,0.005294419614959743,49.59146774031379,16.122362208150662,0.0020983793070877346,39.7384703325152,14.756183201195679,0.007081127629275252
2020-12-17,1516,108.26598867554513,39.13804915753212,0.005670344440295405,50.325072236358295,16.646979889159883,0.0025022004706647507,39.85793406563757,14.94194390429748,0.007641334310042122
2020-12-18,1518,109.14223020549208,39.424938866729434,0.005634003397659722,54.0302588404958,17.262118816005408,0.0017481226885653245,41.048341019471266,14.98614396686251,0.006161020642789542
2020-12-21,1520,110.37021638058172,40.57146512020246,0.006520492139871661,60.81542148499462,18.867225259538145,0.001267064772086253,43.57141998525269,15.305598055786144,0.004416614160933888
2020-12-22,1522,117.27790208269646,41.641467279257604,0.004856924871982513,69.40429231723704,20.79604240955158,0.000845722871591713,46.70918044150473,15.37496113921607,0.0023815146161836765
2020-12-23,1524,128.29122680835565,44.912599204464044,0.004283884602931628,76.05381445615615,22.810255070882935,0.0008554698486349252,49.58890487379795,16.159350507394095,0.002149609321657546
2020-12-24,1526,130.00587902444852,44.93292608978109,0.0038117798178802587,77.41998212106178,23.002693734008,0.0007635191176930871,49.99945182769747,16.13826596074796,0.0019470502321367732
2020-12-28,1528,133.66188519361523,44.34191062243796,0.0025753345331966724,80.99218498147778,24.1617782766768,0.0008020718276153007,50.86574601107367,16.00050246113257,0.0014777935339891136
2020-12-29,1530,133.7513878182619,44.06623342361019,0.002403480839741613,80.42051834500992,24.047399590718847,0.0008250532447483239,50.557031779454064,15.427229289047162,0.0010486817372413052
2020-12-30,1532,130.8973453330712,43.38206202065681,0.002550246742737838,83.69557447404875,25.660155318703243,0.0011074862517339056,51.99863361854932,15.549160608566932,0.0008253685608221085
2020-12-31,1534,131.24960677935053,43.09217170644156,0.0023207163077876474,83.46470681073939,25.610666305120542,0.0011181266465325804,51.877636874737675,15.653940223960268,0.0009196144337350432
2021-01-04,1536,128.78816642466714,41.991691537427755,0.0021622491254856043,85.15583607299197,26.2431859849876,0.0011750253739732292,52.37427730221951,15.822013762542591,0.0009322412343274417
2021-01-05,1538,128.3032013235267,41.85135823809314,0.0021716989457593815,85.41127186790612,26.180366610379973,0.0011046653423705459,52.52242096197223,15.800361209857329,0.0008869551955608292
2021-01-06,1540,125.8764098363801,41.55865822568719,0.0024545783883808793,86.96186437161069,26.84779944191889,0.00119920723199191,53.66448617871339,15.968672523058983,0.0007777045636558546
2021-01-07,1542,126.64867275043613,42.145260974044966,0.002655360292001928,86.48601873893817,26.72811249932251,0.0012131518495681803,54.41219745684302,16.042985773434143,0.0006947304848024788
2021-01-08,1544,139.64309022668064,49.218544220668484,0.0045510408639491615,87.2352353154683,26.873457860136014,0.001169777974074761,58.31098390641873,17.486156556639138,0.0008539326675829285
2021-01-11,1546,147.1985355351989,52.914743859025336,0.0054057394770633494,87.6852687644229,26.85563818328112,0.0010944090924246191,59.25948802158485,17.86040812328995,0.0009068895195836914
2021-01-12,1548,149.5033186260829,54.241062963285486,0.005846371226566772,87.39423548830912,26.774184687564166,0.0010980343548418674,59.655261535422866,18.023626440774475,0.0009335039247761615
2021-01-13,1550,155.37396551623272,55.72997269513515,0.005303806408639804,87.147152613855,26.542107317789714,0.0010257951191088076,61.31397930363903,18.26642876088368,0.0007889336309089058
2021-01-14,1552,161.819355250434,58.73168585683716,0.005865072987097507,87.2970058975044,26.548825762799222,0.0010084155529118787,62.36624467233779,18.867234472890797,0.0009479632577487207
2021-01-15,1554,165.99277954266606,59.726852662321164,0.005449321353971647,90.2524547405834,27.539876645815376,0.001048586500374061,64.31627478500488,19.467857215528888,0.0009541237595231217
2021-01-19,1556,165.9230673123514,59.245552159434936,0.005100777047027333,93.13539312699967,28.571233126530473,0.0011150610990588847,65.64690335581706,19.996792401357418,0.0010275542973012478
2021-01-20,1558,171.3946945647098,61.55581706941568,0.005363040717299885,97.01203609533859,29.938680964833235,0.0011937983087533294,69.01362026758632,21.51616646528603,0.0013388289028709059
2021-01-21,1560,173.83935031740194,61.38680784156829,0.004627691634078403,98.75862866066704,30.384791392272923,0.0011529745296353817,70.33162851846241,21.543598580762147,0.0010961163718171138
2021-01-22,1562,174.15143648033632,61.47087399418336,0.004610294285645936,99.51909409098357,30.686863713633347,0.0011825663464331026,70.98969725725271,21.89654677925912,0.0011867324220053237
2021-01-25,1564,174.03080601576963,61.2937286868482,0.004521373248795531,100.00206343246765,30.85696945442171,0.0011918398212830167,71.93752237170482,22.047119324110795,0.0011027883577547453
2021-01-26,1566,174.03369922825954,60.66949840726263,0.004123535136533849,99.91494445044562,30.794438086508002,0.0011762495736827164,71.22810360980435,21.466669849378693,0.0009063888756230082
2021-01-27,1568,176.57544739903656,61.49525889435415,0.004087009279437642,98.87810948302852,30.196382896562895,0.0010584847303245924,68.98884377432081,20.46103252916156,0.0007470073288370493
2021-01-28,1570,178.07479472553732,61.96269386070024,0.004054329857806598,98.48093759368494,29.931357688565537,0.0010010686930120897,68.07285955362589,20.18104382873172,0.0007432453726989588
2021-01-29,1572,178.97964482768515,62.28548260014919,0.0040590340590946706,97.89532314386697,29.593949026822713,0.0009398136666246252,66.99604167729724,19.78537798154791,0.0007088344818405345
2021-02-01,1574,177.31715723070997,60.76340109241505,0.0035210677477578458,99.06657863980104,30.09654554218758,0.0009960990371759156,68.034538831662,20.481786621248514,0.0008946788873417417
2021-02-02,1576,173.4270407696656,59.25440537963651,0.0034244586061970756,103.81486447727538,31.720841801460615,0.0010650094136121424,71.43647801826665,21.703762120105168,0.0009967837138479415
2021-02-03,1578,175.31171970332838,59.6700187627901,0.003303155144525017,105.95149209046724,32.082039139598514,0.0009582114706056412,72.97945472645414,22.238666331947613,0.0010320268090330288
2021-02-04,1579,178.4073684041363,59.68840823911258,0.0027991183547802874,106.63973896482632,32.26380842994241,0.0009489396129230615,74.32576089824585,22.49061989371491,0.0009506289004528327
2021-02-05,1581,179.9760842279281,60.02919288805007,0.0027163048760678334,107.24486476601079,32.312951157264,0.0009035865422630862,74.83416942678654,22.802647756452192,0.0010313967868482716
2021-02-08,1583,187.18229788617236,62.88974821996347,0.0029169575543497995,105.62835933597229,31.71793479190177,0.0008677092033790031,79.42798303258633,24.388460726565334,0.001126815850853142
2021-02-09,1585,193.24651375186335,64.0004459876341,0.0025322929327125897,104.85141631979705,31.227945333284087,0.0007861804466988959,83.61130623683269,25.410549025802258,0.001000389574165653
2021-02-10,1587,198.31971094674006,62.99410449526199,0.0016426434279973787,106.55675637049332,29.90150139394907,0.0003658141580425808,85.88457473076168,25.451543002428608,0.0007396741122156623
2021-02-11,1588,199.17705650594587,62.10827275505979,0.001341583349123798,106.9544150976284,29.424129862446776,0.00027806482069793134,85.65991366854242,24.660548564796724,0.0005136010728479626
2021-02-12,1590,201.0087529878234,61.65468843679775,0.0011132006645596156,107.37602620162585,28.890032409244085,0.00020182963547896664,86.4883311922252,24.456031536629677,0.0004054931362878639
2021-02-16,1592,204.51833402495768,62.28609003104647,0.0010251521430181072,107.55525782277417,28.161145988570603,0.00013384261355205653,89.65061694949391,25.441290865711643,0.00042536759847892593
2021-02-17,1594,208.2728529972679,61.0312338586517,0.0006435534967593806,109.88091293076296,26.234069883998608,2.80827360867995e-05,90.61800377868877,25.204808469460573,0.0003240596602472288
2021-02-18,1595,207.1004710043665,60.66486087902909,0.0006405285376792999,110.16905900142086,25.92579524910122,2.1434443558783966e-05,92.43074610712539,25.41211009382423,0.00027554135017143343
2021-02-19,1597,205.43665031183045,59.46115342179822,0.0005503489387874419,110.22867315938804,25.924272597907375,2.119185571311897e-05,94.54835128861762,26.66798025112341,0.00039203476342271755
2021-02-22,1599,206.1443686619437,59.534729048433924,0.0005350025798999751,110.60596465115698,25.39532877737668,1.3284444994373112e-05,94.03655838920943,26.181788767342802,0.00032855547359007857
2021-02-23,1601,219.21490667033362,65.70774909398116,0.0008492871867333572,110.10032162019668,24.830087773172895,9.243646275381988e-06,89.11830983223615,24.114222215270246,0.00021930401856015843
2021-02-24,1603,223.90663872502753,64.84443987035972,0.0005544274217180318,110.0207820148828,25.73863491511161,1.9153373723772796e-05,87.4907525573422,24.39825059522056,0.0003358614429337095
2021-02-25,1604,231.53133518201204,67.79699096592613,0.0006376608734982792,109.75730394094477,25.598489755311753,1.8057524259680352e-05,85.04472478319083,23.70720935109162,0.00033412779154253376
2021-02-26,1606,236.75752134598312,68.47973626901336,0.0005455422959510775,109.51201776761359,25.665947494701477,1.982776375985752e-05,84.29182238329408,23.626219587163884,0.00036009598855391234
2021-03-01,1608,221.81662731312716,58.26654768679198,0.0001407029502197663,110.6041863026483,26.612067385455255,3.236318338244704e-05,85.97665527298969,24.634747619968067,0.00048291886087600746
2021-03-02,1610,220.58325408097696,57.42806514836518,0.0001225162438181763,110.63833172363842,26.63656553989816,3.2724785354806165e-05,86.3020321413774,24.8774552869191,0.0005222322329359601
2021-03-03,1612,222.60470881616675,58.22036423698006,0.00013157842148716085,112.42803045153613,27.226397560440365,3.637492457175768e-05,85.06728795845595,24.363315924927466,0.0004801120510632025
2021-03-04,1613,228.71522018546648,59.20037682834426,0.00011181593407692499,115.63159612985726,28.10316037232905,3.879511676020152e-05,83.78789849398095,24.247680113098554,0.0005492698420166622
2021-03-05,1615,231.48565452345042,58.22504099962029,7.017072285265328e-05,117.66511851875222,28.161783905002604,2.938457311844638e-05,83.4328299588902,24.576507050413376,0.0006867360878302285
2021-03-08,1617,233.37046506086054,57.08548772167095,4.349442314423487e-05,118.70684464240706,27.778240338141952,1.9253602845276743e-05,83.23606318029852,24.8512635841756,0.0008099571371471923
2021-03-09,1619,215.34401197278277,46.942513732770045,4.48803739164351e-06,114.19302245453319,26.52075973389792,1.6638516952879533e-05,84.14720947624812,25.486613695451446,0.0009612691526001995
2021-03-10,1621,209.92534432113197,45.65587542735708,4.265826238961628e-06,109.71787001781912,25.486486038806902,1.6702872565997125e-05,85.46121717796024,26.132791719731664,0.0010744585964717903
2021-03-11,1622,207.19233316488823,45.97330125098898,6.5813562676289364e-06,100.42252389665174,24.446772801314285,3.994407687901214e-05,87.22502580286266,27.07730978378681,0.0012759589417067631
2021-03-12,1624,211.52359159102497,47.53484528768895,8.592472731218659e-06,95.37692287259803,23.7710569827244,6.012668403903383e-05,88.15330644416707,26.98073844082534,0.0010859078477139098
2021-03-15,1626,211.61251253214573,47.5053546617905,8.408967003310074e-06,95.44055401630328,23.465539042375852,4.7568240133394597e-05,88.20300765654251,26.929769258593076,0.0010555073151170356
2021-03-16,1628,210.83743588861523,47.07422980990188,7.505354894696741e-06,96.32713117721916,22.983092706410304,2.7746200082166572e-05,88.1245201264873,26.826016042500445,0.0010196810502616724
2021-03-17,1630,210.48190407042665,46.777429593294514,6.8066511460239024e-06,97.98513754001793,22.98043415621179,2.0093383647243933e-05,87.99114690631541,26.631677992025192,0.0009531477491638236
2021-03-18,1631,209.7066411929462,46.20626190082911,5.665857740592575e-06,101.28681003388878,23.727345755503034,1.965453324147383e-05,88.026548352511,26.437675411523983,0.0008697479316708722
2021-03-19,1633,208.72104490417877,45.84079353159178,5.284288408463927e-06,100.75713380630629,23.557061187243782,1.8929946602461192e-05,88.40054996698314,26.58008376776929,0.0008815912839585056
2021-03-22,1635,207.22073360149207,45.61865336836286,5.560255878711218e-06,98.57023234853946,22.962193913107775,1.764987971226312e-05,88.77710311448702,26.79710609732207,0.0009232203400750739
2021-03-23,1637,207.13109414210538,45.63165290423621,5.646867187163791e-06,98.82273838106123,23.144808651203398,1.9568492681009752e-05,89.12145110539721,26.9039381993654,0.0009243964121722544
2021-03-24,1639,210.22039931681923,46.38278266002365,5.834661487691745e-06,102.03860259595199,23.915010730966657,1.9836980267361866e-05,90.3332158435971,27.491045936144967,0.0010165199936685162
2021-03-25,1640,211.3083158739439,46.71390500270011,6.083783603801792e-06,102.6448125830837,24.141821820493593,2.121135576455811e-05,90.85983538364225,27.63120977075658,0.0010079270870533524
2021-03-26,1642,213.89327741189274,47.6913017233818,7.2929788420532475e-06,104.01612302109514,24.470326368073348,2.1309929726649423e-05,91.8779597649419,28.233879675356206,0.0011372256425439444
2021-03-29,1644,216.34804371945768,48.69183563383281,8.862664778856414e-06,104.71909451250296,24.638651663791393,2.1358370021185812e-05,92.5376062737877,28.59796372131431,0.0012129765902986844
2021-03-30,1646,211.15621210342184,46.940467539349015,6.847218683024413e-06,102.73113875129505,24.137955297415694,2.0811666693587413e-05,92.30224372136597,28.3960047524096,0.0011518756950242817
2021-03-31,1648,202.79379470702906,45.069635093233295,6.809235818538173e-06,97.27397989860835,23.044805354515436,2.4313401880653392e-05,91.39430668230023,27.684764564369143,0.0009625535014003202
2021-04-01,1649,206.07422548439172,46.42295891588844,9.035330162516322e-06,93.64240849223279,22.208627685909516,2.4813666548825945e-05,89.81864080914674,26.95242928214723,0.0008607325510116044
2021-04-05,1651,206.45933580922497,46.56125470998018,9.243857375393896e-06,93.65429071404138,22.22634723153989,2.512644193289679e-05,89.73944049696885,26.84484486866434,0.0008290990128170403
2021-04-06,1653,207.74236680403928,46.952563578674514,9.665875930752127e-06,93.21193307698746,22.199912517237586,2.6838974138077376e-05,89.12012814395983,26.285946164120634,0.0006978822887151301
2021-04-07,1655,205.87147959028778,46.223697356862736,8.436049032181746e-06,93.37064333563895,22.24671081315708,2.7040965070298258e-05,90.37503189787067,27.330498325188625,0.000943862383113026
2021-04-08,1657,205.75922148915046,46.22616444586388,8.541484007455971e-06,93.44075193908495,22.167460534938662,2.4953337123138806e-05,90.45008098734965,27.320364010915608,0.0009305620479047055
2021-04-09,1658,205.88680894146907,46.09846653542191,7.96063532940895e-06,93.4364068587241,22.22688096580088,2.625207473368057e-05,90.55686481494052,27.42955004989772,0.0009619176700929566
2021-04-12,1660,205.73317877836394,46.051013209633616,7.913678476245903e-06,93.67964963263164,22.21788729460126,2.482258785272774e-05,90.76171903035184,27.49998945653862,0.0009653768297147348
2021-04-13,1662,204.75848853870906,45.77389444815418,7.703634808058501e-06,92.65496375938669,22.11202899653919,2.7864537125028855e-05,89.38852134667442,26.577656572404504,0.0007701778443202435
2021-04-14,1664,204.87396576810553,45.88181908677532,7.997390068736442e-06,91.38508296518827,21.991523552270635,3.2462169630011327e-05,87.78669143207348,25.52840013312272,0.0005843300942900393
2021-04-15,1666,204.89936498559834,46.06718623146044,8.673905023675564e-06,90.5609243988381,21.987316365518026,3.808831501470353e-05,86.86192117209619,24.872147302660416,0.0004788136690881032
2021-04-16,1669,204.7278600493039,46.117599492364825,9.027012011583304e-06,91.07112565582032,21.930983495190407,3.2868472750131865e-05,87.82752053999099,25.664900984664147,0.0006214245696670189
2021-04-19,1671,204.49532253640353,46.19408651785239,9.560929035565158e-06,90.77047789371073,21.702506132157964,2.8833586537356156e-05,88.76767713042705,27.259627639907414,0.0011284304267229624
2021-04-20,1673,204.8349528370335,46.39322909192367,1.0092099107871836e-05,90.96833773475254,21.683829170080696,2.7261218912392715e-05,89.53747232694968,27.837445392655663,0.0012979167886239954
2021-04-21,1675,208.99156893844756,47.77041683907487,1.2147915494113226e-05,91.39212613401631,21.811428957853032,2.7882829523043488e-05,91.74369840360787,29.14548365532407,0.0016451299144326817
2021-04-22,1677,208.33155876823,47.54162712684022,1.1754770609965657e-05,91.25446295048665,21.779550524229194,2.790591095779108e-05,91.1357774605533,28.97381423420099,0.0016582970937594598
2021-04-23,1678,208.95797708909714,47.82221190609351,1.2454538532125245e-05,90.92254537340996,21.76482781006652,2.9473202117796614e-05,91.6088222895871,29.397045875611166,0.001831610400175215
2021-04-26,1680,208.63223272109275,47.70179425034282,1.2217119191680712e-05,91.15742074192178,21.76068245888696,2.800773856293492e-05,90.71875464396904,28.672459812076106,0.001556337326548446
2021-04-27,1682,208.6274543026308,47.71979841685913,1.2315495275863898e-05,90.98928462487626,21.736433162537594,2.8388025522241282e-05,90.76451967653958,28.694926803398296,0.0015610623817966939
2021-04-28,1684,208.1381825001263,47.59233166968916,1.223512752744714e-05,90.81283787089538,21.7440091923861,2.9608955991236906e-05,91.10005825441654,28.846031780546927,0.0015877453709237615
2021-04-29,1685,207.62863727487638,47.61314095302387,1.2962196180009025e-05,90.29952325040965,21.73854205075019,3.2686964384010805e-05,92.66840853602255,30.26757022109907,0.002201279065507592
2021-04-30,1685,207.89928412998853,47.743534971927716,1.3337020166606266e-05,90.40919294525196,21.72322781386952,3.1565568124121166e-05,93.9237349697301,31.062123940372757,0.0024967228045243133
2021-05-03,1686,209.64896552036535,48.37713215964267,1.4666544661964203e-05,90.47411862425405,21.65313081006849,2.9364588940095753e-05,95.7663252942182,32.47680213109066,0.0031905067833662335
2021-05-04,1687,211.55923042668294,49.07341767210895,1.624620916604041e-05,90.23085122202299,21.628049534170287,3.0202169537929678e-05,96.70374680780793,32.693386675351675,0.003097432545890465
2021-05-05,1688,211.41257731636085,48.80622360785335,1.4798093397860265e-05,90.02406215023125,21.57925547624067,3.0221979679106323e-05,96.64392733488424,32.50192713943399,0.0029444073067345085
2021-05-06,1689,211.5492896064607,49.07211147658047,1.6252663816319946e-05,89.75203228742839,21.59391262166372,3.2336094206902794e-05,96.76310939148881,32.28423723374926,0.0027244992105587653
2021-05-07,1689,202.15349588110476,46.65858305456979,1.4735124800837596e-05,87.98459423568633,21.787683587985995,5.384637765784307e-05,93.26086316688065,29.613954868246594,0.001637068230114115
2021-05-10,1690,204.67274280358035,47.55727260561296,1.67960962595804e-05,88.27762165828246,21.806772372578752,5.161863870784178e-05,94.41276050625945,29.93705210872176,0.0016120956637029446
2021-05-11,1691,202.86153423592197,47.44413770313281,1.9045412204244802e-05,87.78875377107259,21.807056881725288,5.6805134811890874e-05,93.54443224492127,29.197763254048315,0.001356163588235175
2021-05-12,1692,205.2058470509381,47.93867672052403,1.8639801646939076e-05,89.65377540897883,21.60047538645734,3.316825138989447e-05,94.85257212291017,30.087535722971243,0.0016184904824615457
2021-05-13,1693,205.3778265302835,48.28915760027264,2.108467716896374e-05,89.80259112405535,21.685711988269944,3.45651918157679e-05,94.90982027268574,30.189656352184215,0.0016677733031204554
2021-05-14,1693,201.6306784897375,47.678842961302585,2.348012441089211e-05,86.9128461923589,21.477849366661328,5.196092828587878e-05,93.30106590384723,29.330302868237993,0.0014674392482580902
2021-05-17,1694,201.30336772450883,47.687348105952054,2.4288011913232094e-05,86.9527241062377,21.4155397025149,4.901746443905529e-05,93.21595768042252,29.691553488165177,0.001692495365484884
2021-05-18,1695,200.6283223353002,47.832589141969365,2.7361221548340777e-05,84.27464981635782,21.38039290041489,8.091315227874365e-05,91.33397954516845,28.5853345646191,0.001397658434919394
2021-05-19,1696,201.2105316625607,47.82535547676916,2.585615695915472e-05,85.50189459144212,21.083358447564088,5.0044084698545965e-05,92.16687194114131,29.60537430948581,0.0018508282865931762
2021-05-20,1697,201.2099998151248,48.015279404174564,2.7829004782579823e-05,82.73673242355504,21.071930943845555,8.622837015363611e-05,91.10032600173854,28.89221563484025,0.0016154107615178308
2021-05-21,1697,200.4084640696695,47.90787626307998,2.8742807935454792e-05,84.23111857087436,20.385102562344134,3.596300337501381e-05,91.67171886814884,29.58303181451516,0.0019431013206536716
2021-05-24,1698,200.50325480984682,48.062108613011674,3.022649446536441e-05,82.4019941765617,20.754849521457658,7.179648902377349e-05,91.2467047458009,29.246240035860435,0.001808838790472527
2021-05-25,1699,200.26503489327587,48.049635007663774,3.074478903866436e-05,82.60922814566558,20.60569696654694,6.096402568679838e-05,91.23795643355513,29.301991828999988,0.0018474988264447375
2021-05-26,1700,200.6480044665626,48.31128651910703,3.2781139351211e-05,81.70301551548445,20.493886744862415,6.699814039385359e-05,90.95516777731072,29.22919498249093,0.001859556272092965
2021-05-27,1700,201.24721450900978,48.33065458209099,3.127663675115794e-05,81.10462660884085,20.68532767596837,8.822727096433755e-05,90.85313551230479,29.201089862535447,0.0018627025409824135
2021-05-28,1701,200.96038379012575,48.41470980055377,3.312970559483493e-05,81.381478757587,20.59830751962731,7.786376769080709e-05,90.89321883323808,29.30329556206353,0.0019234217282538004
2021-06-01,1702,200.25795130363176,48.40737681762238,3.519827338755226e-05,82.30965060328484,20.641745735256162,6.676380687524939e-05,90.97449801723151,29.3936964666527,0.0019679015508948443
2021-06-02,1703,200.17729366401912,48.50036808670731,3.669906908589609e-05,82.11234990742686,20.534605042411194,6.368316343351995e-05,90.99942507912002,29.471806298514483,0.002017274468142291
2021-06-03,1704,200.00418243204663,48.42445844122317,3.62399464528748e-05,82.85904848390004,20.673887591048658,6.12588601298006e-05,91.21324037734671,29.611626433473795,0.0020677934906632167
2021-06-04,1704,200.58702577128693,48.21159239683387,3.17473879979077e-05,82.6228673256239,20.79299057764865,7.079670420998006e-05,91.29508304353445,29.68665721291804,0.0021029789415853953
2021-06-07,1705,200.18447280697072,48.09823534280625,3.154833458860749e-05,82.46539102592583,20.828427546482484,7.51788633133992e-05,90.7365075690513,29.408696467094412,0.0020330377627262248
2021-06-08,1706,200.49244942430556,48.15209202944177,3.130863602073698e-05,82.16781970746145,20.87339305600024,8.268343874305081e-05,90.60474938267019,29.35505358328773,0.0020251920962869405
2021-06-09,1707,200.8413106468428,48.27255019519556,3.17454684871647e-05,82.40604494861724,21.055761699833816,9.089057581357811e-05,89.74681509853558,29.328183590797313,0.0022127215657162646
2021-06-10,1708,200.59207633438237,48.169933654798186,3.123654684398102e-05,82.31775154921351,21.018642129969244,8.987501842046173e-05,89.81413170551062,29.222615410965716,0.002116019492715169
2021-06-11,1708,201.2527783915049,48.029348459028085,2.78703505942588e-05,82.21514321523968,21.042268537731207,9.339405041527063e-05,89.4775879513123,29.013500713958727,0.002042387371515485
2021-06-14,1709,202.40402924715667,48.00894195425395,2.4871209938066422e-05,82.97823748156681,20.96754359570853,7.575062867380708e-05,88.08611658124389,27.895736301756383,0.0015902400063622906
2021-06-15,1710,201.28882383604466,47.977568283243514,2.7229692749058607e-05,82.37629084237636,20.976033951173346,8.595396324634903e-05,88.92893143107565,28.593495880221173,0.001870173739671832
2021-06-16,1711,201.20830578553972,48.14419788979189,2.9242751898211413e-05,81.41064999646935,20.938557367276946,0.00010104303240461716,90.20280305025325,29.542192939901774,0.0022629804190996156
2021-06-17,1712,201.5243604744377,48.022602418167516,2.7113351237389372e-05,82.23692043678193,20.900937884048123,8.333386906090253e-05,88.10686745448496,27.986912077203307,0.0016430996298070271
2021-06-18,1712,202.3463397924645,47.89783138573031,2.3942854358788582e-05,82.6631892855803,20.737803678543877,6.716507369854394e-05,87.3741575731111,27.28809313337029,0.0013651722494762316
2021-06-21,1713,202.55960735979812,48.04206360497672,2.48346668520228e-05,82.45776721639864,20.715259260676007,6.876099994275751e-05,87.37158708614852,27.348350155810383,0.001399441172157277
2021-06-22,1714,202.5093429647121,48.076979040213025,2.5290730803874176e-05,82.51183578039655,20.700478892485588,6.720024565500527e-05,87.2413033046633,27.269823780216736,0.0013781508626813843
2021-06-23,1715,203.49861868991866,48.16561383783976,2.3896500580976863e-05,82.87247459032663,20.73379105687714,6.415668057569339e-05,86.60065637385647,26.89776362501972,0.0012835931537351268
2021-06-24,1716,205.41981930400567,48.45509186374817,2.2413236534427143e-05,83.16978160500734,20.77147540713783,6.227029516572456e-05,86.03928880197971,26.656423673655553,0.0012478404298229668
2021-06-25,1717,204.56134127057828,46.74358546799651,1.2074177968610982e-05,82.90512115531789,20.042702104017625,3.527595675286892e-05,86.34346686640075,25.948907091915977,0.000876474316797777
2021-06-28,1719,206.24659229688456,47.137643635459796,1.212035600928845e-05,83.56973927263242,20.28049733717975,3.777315862460804e-05,85.08345133954522,25.702464732095816,0.0009318848268109725
2021-06-29,1721,207.4300851234285,47.35237538423724,1.1837281342948979e-05,83.91907271395044,20.345264243546755,3.711421031902391e-05,84.50262555474545,25.59421974533866,0.0009612502229675312
2021-06-30,1723,205.23325356906236,47.16822632349624,1.354617016168603e-05,83.20364562730255,20.392299816441284,4.500661507682823e-05,85.20325283706622,26.176765125402294,0.0011342466969474184
2021-07-01,1724,203.75080664831353,47.19489008585931,1.5800539078630433e-05,82.11352464542996,20.430983098083047,5.8428634205183816e-05,86.1123395760327,26.89058571843021,0.0013632407526041963
2021-07-02,1726,203.44613012931816,47.33714004291877,1.724923394902385e-05,81.23796721289294,20.580074883745308,7.900162072645553e-05,86.49988569207743,27.352252452257915,0.0015645241377992983
2021-07-06,1728,203.11731058113256,47.42567449484141,1.8451000861006955e-05,80.64651222817088,20.472033178490584,8.170252682377986e-05,86.9085833903474,27.582824409215647,0.001628114095619109
2021-07-07,1730,203.7665022835604,47.75209892658944,1.9796498896519384e-05,79.84571036349058,20.334210759040612,8.613046314210002e-05,87.31982886604466,27.814943824565514,0.0016934416646135128
2021-07-08,1732,204.50635293324345,47.9852257321107,2.027317072973936e-05,79.45266112248281,20.296785633257635,9.05752074236182e-05,87.43717606302924,27.948713045276286,0.0017570898386155007
2021-07-09,1733,204.90478532046527,48.06122733273568,2.0132933568442586e-05,79.18641786205794,20.37405397878194,0.00010164532914691364,87.52081478643807,28.174024325215235,0.0018935703471074901
2021-07-12,1735,204.16889132018056,47.877386533360216,2.00429510066885e-05,79.71295404188189,20.339043418605797,8.884019734648479e-05,86.99393049219127,27.886672092875855,0.0018112613781380686
2021-07-13,1737,205.04516004761354,48.16895017074565,2.0738192952654136e-05,79.37964063994002,20.357412473103448,9.647153431899697e-05,87.31403497576437,28.112412919978777,0.0018970789249928236
2021-07-14,1739,207.3799132884963,48.76282198631849,2.1108734821833615e-05,78.86376851352449,20.414183877881882,0.00011191819355899667,88.0682057912886,28.602941698318322,0.002077028166302552
2021-07-15,1741,209.39008617832238,49.36317219453692,2.217065739699576e-05,78.46740122867658,20.46889645774174,0.00012633564614082386,88.5626362217559,28.92937729888062,0.0022034932588097973
2021-07-16,1742,209.95069439389718,49.488139158072975,2.2109801830381468e-05,78.36208201625979,20.494453336336694,0.00013153048988237247,88.68374998809462,28.977640439388193,0.002210268089370749
2021-07-19,1744,205.58156541975615,48.684084179428616,2.4132078996142857e-05,78.62305036663668,20.503897960751083,0.00012579866441146667,87.83663572495202,28.49427256833348,0.0020519614876421286
2021-07-20,1746,202.9668377910088,48.570122038397905,2.929978885798678e-05,78.74722651573359,20.51881943869284,0.0001241390304266371,87.23136821749873,28.098789868502,0.0019063131063510627
2021-07-21,1748,201.91922533372656,48.61515042069805,3.275401862480529e-05,78.57149336414825,20.5416289613492,0.00013077822155435352,86.42554778833043,27.539889876845955,0.0016999168073205165
2021-07-22,1750,200.95155438962306,48.657992764748194,3.629564186428966e-05,79.3675192851525,20.36108724026641,9.699039244293633e-05,87.02111506040893,28.140962018202742,0.0019859256348448056
2021-07-23,1751,200.1225031664973,48.55011886206744,3.756337089686207e-05,80.15372964049304,20.415838863757582,8.635000787881397e-05,87.24084332747798,28.285620903234484,0.0020404379768370912
2021-07-26,1753,200.14529348078827,48.547884129299135,3.7456003807158136e-05,80.15801035458755,20.46210094915676,8.951321910033895e-05,87.1549110411916,28.242615473780827,0.002029123178672588
2021-07-27,1755,199.10612224182464,48.438697066801446,3.94843597579291e-05,81.82775358331135,20.40062800756532,6.045163248537587e-05,87.44388148269466,28.440090040799078,0.002107358359565362
2021-07-28,1757,199.14053097670023,48.37861012997643,3.850149126757671e-05,81.66478515900592,20.220227658526255,5.373294100788354e-05,87.36878821797474,28.41190055493118,0.0021044805772309364
2021-07-29,1759,199.05881302613696,48.501833451747174,4.058036353828365e-05,81.5436531156587,20.35428929134791,6.169956802864327e-05,87.35294785386634,28.42757925020333,0.0021204350531038836
2021-07-30,1760,199.26615501144687,48.53514299266044,4.0325700443653136e-05,81.71574725597631,20.39641384649672,6.165690359222363e-05,87.29661835387121,28.411365836179325,0.0021220633211832232
2021-08-02,1762,199.31090043038162,48.58915127257537,4.0965980296291867e-05,81.69869714214774,20.397074396149016,6.190934313854048e-05,87.27751036164548,28.405317832436996,0.0021221947223128523
2021-08-03,1764,200.0807991957782,48.82313605511541,4.1660303796021635e-05,82.53289856868207,20.366918121600452,5.071618800361207e-05,86.95800617006769,28.157807681742415,0.0020134728026969416
2021-08-04,1766,200.36467678796868,49.07910424268556,4.4556806349107546e-05,82.98801052801782,20.38283138493749,4.6718127475967345e-05,86.86540789181029,28.09895830469651,0.00199208189431806
2021-08-05,1768,200.33569807001976,49.252516588974835,4.751571020587248e-05,82.75735747070802,20.442003356943093,5.156948598166963e-05,87.00523190131274,28.23503424272507,0.002059856198697584
2021-08-06,1769,199.85620840312887,49.20031599601058,4.8634908232540684e-05,83.13943364007741,20.424643578993397,4.6903251472574814e-05,86.79693953083543,28.06146705436204,0.001980770020569605
2021-08-09,1771,199.64296327833264,49.205490253216446,4.963670068200312e-05,83.25709945079832,20.43038877845975,4.5982756062320025e-05,86.6867830767223,28.029758038520537,0.0019836479008490514
2021-08-10,1773,199.30962773961977,49.14310210015608,4.998460504740949e-05,83.5057549455744,20.498786846924435,4.627356315231572e-05,86.39229127122626,27.874696640673307,0.0019397276296431408
2021-08-11,1775,199.32721333721446,49.13752920619875,4.980997863419227e-05,83.87481855346958,20.493516425097884,4.262891134459568e-05,86.07297871344808,27.666205590746785,0.001863770571493061
2021-08-12,1777,199.46583393392908,49.254997585317696,5.129280947441119e-05,83.85003361620109,20.51358538106724,4.359776756982136e-05,86.02976245675507,27.661098562065387,0.0018700158704378208
2021-08-13,1778,200.42823531822657,49.51886154577783,5.1764710239359134e-05,83.6350304720632,20.49037370326038,4.4712438696939874e-05,86.01361310355905,27.638448528877475,0.0018576162125776444
2021-08-16,1780,201.83425164695717,49.858525351987716,5.162643778731475e-05,83.2931622867509,20.462316284347622,4.689951041959593e-05,85.8815537431191,27.551236334399075,0.001826037459602616
2021-08-17,1782,205.84829172638536,50.4617322671862,4.5172485937186933e-05,82.60064058963478,20.410805606327195,5.189875626778009e-05,85.90498747234346,27.579195806019445,0.001840400696553952
2021-08-18,1784,205.76457893770797,50.501389888157455,4.612639606750307e-05,82.46909765998154,20.421951673404408,5.384974373887777e-05,85.88996903796321,27.618361227224483,0.001871592391925724
2021-08-19,1786,206.38906686215194,50.795822776866814,4.842298599186455e-05,82.23172122205864,20.545608586660588,6.270346421990431e-05,85.9078091791808,27.685541455543117,0.001915795998686241
2021-08-20,1787,208.28165661070713,50.89859099567075,4.2750116004790865e-05,82.31608117461775,20.510537282395287,5.986160950992532e-05,85.86712186174283,27.70804041033951,0.0019417727595062374
2021-08-23,1789,206.8301526389425,50.97334920144584,4.957671361173096e-05,81.68446447200736,20.60829770513444,7.380666495439628e-05,85.87963608073787,27.76581194802284,0.0019814462277396145
2021-08-24,1791,206.687185124132,51.03194021925138,5.118407356910765e-05,81.36427289582443,20.687023808506225,8.385497618516207e-05,85.90056305793082,27.80935967068007,0.002008934077925423
2021-08-25,1793,206.80152990960022,51.13204628413659,5.244379964448316e-05,81.02557082852263,20.7430155212448,9.377380935926095e-05,85.88749675638938,27.83235060303853,0.002029457404272248
2021-08-26,1795,206.20285219777787,51.10732303052387,5.467148549467926e-05,81.34643020528837,20.825883559580948,9.382665292683443e-05,85.9169067755725,27.8390216686766,0.002027295162042161
2021-08-27,1796,205.71847662608837,50.97692332354743,5.448112027199165e-05,81.72413366624411,20.815007461202207,8.629407727661093e-05,85.93691474291273,27.838267542032856,0.002021831293903171
2021-08-30,1798,205.24726307119798,50.98208618333634,5.676498942543848e-05,81.78538690582629,20.737903239213832,8.021274855827524e-05,85.89901277817752,27.798350986823525,0.00200105392565916
2021-08-31,1800,204.9957042678446,50.96245488139759,5.758735181203695e-05,81.92441879765555,20.765838650660385,7.974891112965184e-05,85.87148415461645,27.76443561349585,0.0019823830862703896
2021-09-01,1802,204.9845338156899,50.958998681509556,5.757424078704427e-05,81.8937808411559,20.801983097777274,8.256654609562339e-05,85.85576940390374,27.75859604818129,0.001981818579623324
2021-09-02,1803,204.95305961694208,50.90990981858721,5.678219848601426e-05,81.90316991749249,20.825005299406765,8.391866275028413e-05,85.83682137732104,27.748581408176502,0.0019789261770505094
2021-09-03,1805,203.49807212456474,50.791404735976705,6.161327070458364e-05,83.14812360555018,20.777765253671106,6.286674058434742e-05,85.68437285116075,27.63224173534817,0.0019294394066152359
2021-09-07,1807,203.35866231616225,50.846993821938916,6.349696626972714e-05,83.27304787925799,20.85841646130528,6.543562383034529e-05,85.71758146852737,27.622150253740063,0.0019142792748623513
2021-09-08,1809,203.30859651205344,50.830306509172985,6.340902083376894e-05,83.8017587727972,20.85081246898242,5.8417800978379644e-05,85.76737911773596,27.652701252311516,0.001924834703864339
2021-09-09,1811,203.57828547203266,50.8809230967812,6.305591074485282e-05,83.75338363800377,20.823152491585226,5.767471144120948e-05,85.76661586387947,27.67151608211566,0.0019387709816892603
2021-09-10,1812,203.8749929357774,50.95431641228096,6.303993126334593e-05,83.78443158918778,20.78547751515181,5.556083497725306e-05,85.74892759372386,27.681694532082286,0.0019504437985439654
2021-09-13,1814,204.57807275148767,51.14723985311038,6.339947930043458e-05,83.73788281035887,20.74744659439268,5.435695116716587e-05,85.76725953890738,27.669141722491403,0.0019368788746428284
2021-09-14,1816,205.09582059438773,51.08887644587889,5.957428644721132e-05,83.59872947292169,20.730190122721233,5.513861348310267e-05,85.74381999845134,27.672286592271693,0.0019447355858834498
2021-09-15,1818,204.33228941164884,50.94775739049739,6.055853125067836e-05,83.61897576579716,20.729365805660677,5.487234101502357e-05,85.49134875810209,27.549576404340645,0.0019145188260153941
2021-09-16,1820,203.87900262285098,50.87882252127486,6.145619849213396e-05,83.64757154658106,20.732617889260275,5.4698185727681184e-05,85.24867275389582,27.46487612083259,0.0019097744217892816
2021-09-17,1821,203.72584843692917,50.81656768972854,6.096509479199617e-05,83.67625089180588,20.75796202429072,5.552972998244005e-05,85.17178634605685,27.435039311913282,0.0019060781354388935
2021-09-20,1823,203.66415316483605,50.85258283119273,6.201975676451683e-05,83.82005589063056,20.677469908250853,5.041598611009124e-05,84.7037641617911,26.914254968207683,0.0016485848705744452
2021-09-21,1825,203.6796106547137,50.89486135846118,6.281777454762037e-05,83.88496602845761,20.65888540513868,4.897218597299049e-05,84.74707104489195,26.954164221522866,0.001665882899565553
2021-09-22,1827,203.68141274698277,51.049501896787135,6.610658906112706e-05,83.80871469972519,20.626382240808105,4.8408560996234345e-05,84.63686144640053,26.926835319720112,0.001671024426646237
2021-09-23,1829,203.8526535822658,51.21315751394089,6.877792171475652e-05,83.93245121924583,20.55632379490143,4.444888908783069e-05,84.80533845641577,27.072938763380943,0.0017333843420904427
2021-09-24,1830,204.3225729747549,51.534222351565916,7.34593735398862e-05,84.59261207203168,20.70511345599221,4.396488484031569e-05,85.62196630457771,27.346686592444527,0.0017422321127325596
2021-09-27,1832,206.28545179589995,51.793485303303235,6.80950155375954e-05,84.79744416332377,20.650050115051457,4.018667228348991e-05,86.56649078993615,28.000270969109096,0.001990604852664399
2021-09-28,1834,207.0170695063003,52.059559166236845,6.992439403669369e-05,86.32625853478297,20.668406927535102,2.9573578640875195e-05,87.67183859025445,28.737057308534947,0.002282107494883822
2021-09-29,1836,207.46992744830706,52.26743571891186,7.20563364239818e-05,86.41493287177445,20.654992228972507,2.8676331643335882e-05,87.79369678379646,28.759438199346494,0.0022679885668368087
2021-09-30,1838,207.8046178704624,52.280197739732955,7.043113297783955e-05,86.41716636395697,20.577284916255223,2.6734098016852794e-05,87.94405500010026,28.84184109641415,0.0022946456640251583
2021-10-01,1839,206.33708570055956,52.48328417822267,8.442382723175312e-05,86.07042506071231,20.665441094479696,3.1142766488817824e-05,87.82272931549502,28.654742047937436,0.002177730132397024
2021-10-04,1841,203.45788024465608,52.687885921515765,0.00011266141809734162,84.47340261354557,20.78363803628554,4.815236351894781e-05,87.44630716991063,28.326999293401364,0.0020216693932402162
2021-10-05,1843,201.3228293181232,52.49817228222294,0.0001256388691180995,83.63798104715798,20.561671597391054,4.748669021338314e-05,87.20484225320843,28.157682542324807,0.0019547817755342194
2021-10-06,1845,200.90790225960745,52.61937328556811,0.00013446401670508704,83.10585326566242,20.571731181373952,5.3494875243555684e-05,87.15779971160143,28.10518074855967,0.0019278408419981805
2021-10-07,1847,200.8249179932816,52.60942491731744,0.00013493088211148098,83.32683862523908,20.533134753145635,4.945992368671856e-05,87.23608890917689,28.179351470957368,0.001963190547899488
2021-10-08,1848,200.68691193979052,52.613394308820666,0.0001365312140082485,84.46836216125114,20.469827640944672,3.6835584876753714e-05,87.45132487549634,28.314519830888248,0.002011235410040813
2021-10-11,1850,200.40625103311768,52.407211925330145,0.00013129300878651523,84.28462957253574,20.242614769032755,3.1310068596893767e-05,87.45844755719772,28.362050770336424,0.0020448261139273316
2021-10-12,1852,200.46490005475215,52.47363958477915,0.0001332909467854118,84.50540245228929,20.36217153164228,3.323047849506266e-05,87.53576496376786,28.377457249457034,0.002037618466279126
2021-10-13,1854,200.59405242233117,52.417872855608096,0.00012980646682436158,84.13343924986167,20.370655712309272,3.625594797834378e-05,87.40798263921869,28.301160275621687,0.0020117330287336773
2021-10-14,1856,201.02413392665937,52.416436550566914,0.00012549511616128056,83.20912697971015,20.354729932295424,4.3520111296695964e-05,87.01847723674804,28.02439315399733,0.001902162172369183
2021-10-15,1857,200.5149293219422,52.31285563533301,0.00012659237758843393,84.60690260881657,20.470852267276907,3.579924836878062e-05,87.81704673548262,28.53969012926242,0.002090849730300628
2021-10-18,1859,200.1972402974867,52.38624504337816,0.00013260950663627913,85.23840756536688,20.513368189581655,3.2491582018062046e-05,88.01475375588473,28.660448567538115,0.0021338014573341526
2021-10-19,1861,201.91214458728734,52.551125167493105,0.00012193441045800138,83.45312540990938,19.941350796284688,2.8525599168657085e-05,87.07357581400859,28.214082475905055,0.0020274994341103335
2021-10-20,1863,201.6305847648175,52.71789377506349,0.00013092682020804725,83.69282691089435,19.958085029723556,2.7476823139169848e-05,87.32162519174263,28.337337504753986,0.0020595755510629276
2021-10-21,1865,201.64472396014858,52.86665092044169,0.00013661700714863396,83.85641023290543,19.98590349567569,2.719367464190617e-05,87.50132346485762,28.461690074834006,0.002109586324326921
2021-10-22,1866,201.34029704399111,52.891060311413035,0.00014083450901090097,84.16711177039474,19.88344706184,2.3056972606986612e-05,87.86295353219731,28.709280295091617,0.0022101399881156855
2021-10-25,1868,201.32519342016732,52.871538700669326,0.00014019842805859718,84.23849863882751,19.876785522272105,2.254853355545283e-05,87.98154492376172,28.818970002724093,0.0022663853131415037
2021-10-26,1870,201.65577628259348,52.853136205485676,0.00013596333878192475,84.07125695810349,19.848223656146583,2.278338544535615e-05,87.78653799951314,28.692570464107277,0.0022166503592905796
2021-10-27,1872,201.7466789520067,52.88720183757998,0.0001363707090632397,83.60198937623093,19.85947102914757,2.5573426524326716e-05,88.54017679416091,29.29373315273551,0.0025069980563113443
2021-10-28,1874,201.92868389182746,52.8593848194686,0.00013339197264613847,83.53432996010594,19.850088938873224,2.5734496690239324e-05,88.55152758134294,29.334344544377128,0.002538634428289144
2021-10-29,1875,201.93476813332578,52.81307278037982,0.0001315303213700664,83.30435931761076,19.860874324610748,2.736004037444066e-05,88.91418518283228,29.564561385777203,0.002634422752268808
2021-11-01,1877,202.3597176013611,52.72309368458103,0.0001239592411054294,83.44743422195572,19.796925785498786,2.49588623735654e-05,88.01718439165964,29.037543156681146,0.0024362320032086634
2021-11-02,1879,202.18889297177373,52.823354940422504,0.00012937673662413165,82.94104988268532,19.88808846361459,3.0408117709512328e-05,88.24215033734484,29.36648526029111,0.0026570390802866492
2021-11-03,1881,202.20331169227933,52.79885440758423,0.0001283041260423482,82.99912065067427,19.86713835725187,2.9446018472478805e-05,88.25188670263685,29.268777337431143,0.002567904905857097
2021-11-04,1883,200.49496248312533,52.99431602123207,0.00015474430082786474,82.26684026006181,19.919295075111442,3.6275122557199335e-05,89.47280563980772,30.12618587362268,0.0029786303055927155
2021-11-05,1884,200.1375439866829,53.07443570595827,0.00016267023645576747,81.74866806792676,19.943624715301766,4.1496147448044324e-05,90.28886892592926,30.62257267162193,0.0031938041774180227
2021-11-08,1886,200.0987810413892,53.05314571562239,0.00016216079192837455,81.555491923042,19.94584814737721,4.33525424419747e-05,90.56571165663601,30.748309135472812,0.0032254953052227786
2021-11-09,1888,200.2333543716722,53.03629498312051,0.00015974957772228157,81.17848698902982,19.84285134570267,4.2938813240677234e-05,90.9502584662661,30.79385450934656,0.003141724716112397
2021-11-10,1890,200.29971027743574,53.07022126864822,0.00016049670044733424,81.15172792979871,19.80022399877416,4.157899860402567e-05,91.04871717566081,30.685684624026965,0.0030058421905356553
2021-11-11,1892,200.47408688151614,53.073046468938465,0.00015852251576781677,81.14318665792257,19.791596254325405,4.1336288414952604e-05,91.02468714966163,30.625353534262672,0.0029567365092412275
2021-11-12,1893,201.16305725314504,53.0748498353533,0.0001505401781443966,81.06438411504297,19.780461912748557,4.163667960469759e-05,91.12238679087477,30.66047498993649,0.0029588381015240345
2021-11-15,1895,201.35177322625287,53.378793439029025,0.00016185957648223238,81.19397272937077,19.76262003916985,3.983027859788471e-05,91.06397199194868,30.51564498380186,0.0028434570366780544
2021-11-16,1897,201.90368678486314,53.80627751496292,0.00017513657445412763,81.24289701810564,19.684829178978504,3.672337697114936e-05,91.11155875998324,30.39418110773581,0.0027205695918926017
2021-11-17,1899,202.75534114576178,54.09773097877687,0.00017828906242816332,81.60122661496442,19.710956037436024,3.474695685745007e-05,91.31282450182916,30.406302514650942,0.0026725449635625516
2021-11-18,1901,203.22905187915637,54.30402282782213,0.00018224867190421465,81.9655683553668,19.801904139803685,3.4840192365210985e-05,91.40281611020403,30.295152801468706,0.0025522476667212217
2021-11-19,1902,205.15203641752117,54.50632829193758,0.00016733701184805117,82.90244341522072,19.80454718309739,2.8387491300899284e-05,91.9478881705222,30.540362724732006,0.002606457232003795
2021-11-22,1904,204.7641635178465,54.814766839121525,0.00018729366171069595,82.96970780989126,19.908577554063665,3.079102933211834e-05,91.78941653763195,30.304546479040503,0.0024544656385694736
2021-11-23,1906,204.6589738152596,54.776593611130956,0.00018678597534463375,82.99988712813443,19.899930707244188,3.0344809774630793e-05,91.63633599289736,30.21299939851201,0.0024212739879611958
2021-11-24,1908,202.30892126264789,53.75490299307613,0.00016752250178686344,82.72516287490005,19.75638504942905,2.8233968031205307e-05,91.11928754563301,30.07424452905855,0.00244706531919595
2021-11-26,1909,201.80831849947734,53.31450016747577,0.00015355868809847496,82.76685041932512,19.69441802032329,2.6392054708992562e-05,90.77179698686429,30.06733608906801,0.002536520364081974
2021-11-29,1911,201.17720223536455,53.49863984568343,0.00016963025666572675,82.51426932658285,19.706342119938306,2.8242492595993453e-05,90.44137922673868,29.896195480633853,0.002484850146835802
2021-11-30,1913,200.5454973226208,53.184581517426366,0.00016276089176165098,82.28758601645517,19.53568447906448,2.529312530358368e-05,90.14114354576887,29.88103313001029,0.002555699186184257
2021-12-01,1915,200.68182962749472,53.065589908529795,0.00015571751465859963,83.07938090192364,19.412184032708364,1.8709962658970753e-05,90.18966415474907,29.97602108947182,0.0026234473169532905
2021-12-02,1917,199.8156107106008,52.75092744782093,0.00015192165204342312,82.47549732252784,18.975222112381864,1.38337203338587e-05,89.93640895809682,29.873645089275843,0.002607661925333644
2021-12-03,1918,202.03377718603008,52.39589798047068,0.00011530071337312549,84.46776736388162,19.14088177476993,1.019712295412136e-05,90.1431946013981,29.983526614133307,0.0026434010613213548
2021-12-06,1920,198.8478044101676,52.478859447712345,0.00015119221420161974,83.07008721084806,19.161998345618215,1.4566248767126476e-05,89.93965748401338,29.80397574261664,0.0025469527421847675
2021-12-07,1922,195.66425619795314,51.43367662696275,0.00014226026213344566,80.53327589789107,17.85598439998638,6.47799576783095e-06,89.34712802070072,29.740568595579067,0.0026626515643493444
2021-12-08,1924,195.86452239823578,51.4043265064984,0.00013881336494438767,79.51071274027888,17.004072443887203,2.925522754294256e-06,89.11912560570829,29.77483272967509,0.0027615700526721068
2021-12-09,1926,194.9405107776652,51.457310501809296,0.00015162491812605343,81.30770827392405,17.111608823961138,2.0180235220813283e-06,89.20984618409453,29.882140918557976,0.0028321693288750564
2021-12-10,1927,195.10516700785314,51.3698269888468,0.0001458389592983907,81.60471363798456,17.09072188003397,1.7988934758431637e-06,89.18079924785883,29.960336210390746,0.0029143664792050028
2021-12-13,1929,195.304973396244,51.24358857128349,0.0001382347735516775,80.4068500677685,17.295005923411978,3.3332693921723672e-06,89.05069862243967,29.733969605941915,0.0027452172285762438
2021-12-14,1931,195.25920244118768,51.22107119272028,0.0001377981054042022,79.98679149749944,17.462371350890834,4.638148715227428e-06,89.02306359624544,29.6023960554329,0.002635860066750117
2021-12-15,1933,191.7305919874177,51.73323670184039,0.00021044241875718708,76.84526661799048,17.585220383903014,1.243160056366254e-05,88.5697894288598,29.232726505880738,0.0024470257580738917
2021-12-16,1935,194.37852716182311,50.891912365942076,0.0001337558261058643,78.53516566160815,17.169937744640993,4.785170827662195e-06,88.7589577083784,29.488360826494066,0.0026127710415525932
2021-12-17,1936,194.18196641656965,50.76165039633269,0.00013057716347112704,78.03567528094965,16.80401709519841,3.4194233264415303e-06,88.6343929500923,29.417271796532066,0.002586744835232331
2021-12-20,1938,194.55817526992655,51.10560458498318,0.00014067232859003593,77.32964670258055,16.558133426139726,3.0091972497003357e-06,88.29744017688316,29.414056146008296,0.002683187223157549
2021-12-21,1940,194.25311160930298,51.21728528246928,0.00014900274768779644,75.58594745226614,16.893706831683026,7.669528566620184e-06,88.00721710904516,29.122080666932394,0.0025110230651574474
2021-12-22,1942,194.01354059913905,51.33021655601626,0.00015700856982062006,75.88351068332791,16.924431939216596,7.337125956343761e-06,88.22145584874283,29.30650517689458,0.0026098732405382126
2021-12-23,1943,194.1393978630187,51.3556132865125,0.00015664228533168728,75.73166416981611,16.956407910728814,7.960022978781038e-06,88.27422195527019,29.343584127002163,0.0026271607944613846
2021-12-27,1945,192.52496791123397,51.007625795436624,0.00016037071664355332,76.75330148165132,17.15283328855767,7.652872894327246e-06,88.87234007376355,29.497341442067228,0.002587699499346328
2021-12-28,1947,192.374115985291,50.89433609306083,0.0001569085064622958,77.45589807702402,17.115745519689757,6.027632933642747e-06,89.356945430173,29.785390499673305,0.002699565761638224
2021-12-29,1949,192.06598974715962,50.94728900772157,0.00016331547593214778,78.35343962127827,16.822275566724606,3.1973156629991903e-06,89.83621806077656,29.81405996471735,0.0025849441596618333
2021-12-30,1950,191.5467851454569,50.958563377323415,0.00017068021256499754,78.12464835619842,16.829435645540027,3.44813929019761e-06,89.80011772010957,29.72626780682879,0.002520235909072078
2021-12-31,1952,191.62444353478273,50.95773949896522,0.0001696024917909523,78.08561902920071,16.8034823724871,3.3681305134608736e-06,90.43861443442286,30.08694636623035,0.0026478847193851943
2022-01-03,1954,190.25089290065617,50.3320960859881,0.0001568838103851614,78.33432548994801,17.086754688122237,4.550615177316218e-06,89.64188668632977,30.06277318957746,0.002865370431349502
2022-01-04,1956,190.64200781887337,50.47718091200496,0.00015885883087436343,78.17094450738021,17.265026358806548,5.962777172253159e-06,90.52538275865678,31.142868694480782,0.0036517311168689616
2022-01-05,1958,191.24329410694614,50.36826001506408,0.0001465163001784175,78.0756010172185,17.21278268607055,5.735614359952477e-06,91.31842430652348,31.644036001446505,0.003904176153217626
2022-01-06,1959,190.66225051267264,50.791730574964824,0.00017417039924307655,77.8144917217044,17.237378873879788,6.3529851416284995e-06,91.25917925631322,31.272788178353693,0.003520971393817404
2022-01-07,1961,186.63148687291743,51.10855190393785,0.00026054210802147073,76.8984300278929,17.267632121170355,8.454943327433839e-06,90.56009177597045,30.794690076081583,0.0032739783995498583
2022-01-10,1963,185.77380137286625,51.45098334631644,0.0003053777647209274,76.6902676093199,17.240758556436255,8.659462785173301e-06,90.30090445817709,30.43436920002623,0.0030065248028986985
2022-01-11,1965,180.36806447951224,50.49685453499387,0.00035444497856841335,76.99935207591577,17.512150288394118,1.0980275002122514e-05,88.78571450845482,29.86131898181702,0.002946467261641539
2022-01-12,1967,181.65184826031964,49.857414528441446,0.00026903201960060813,77.06344961047006,17.462369073030892,1.018936553205425e-05,89.6378125879164,30.816510849038043,0.0036286611665943226
2022-01-13,1968,182.78455131684805,49.59203197639977,0.00022801712222850882,78.19700138969344,17.306546229316915,6.232394195450253e-06,91.60217137672939,32.529320685529854,0.00486275077192728
2022-01-14,1970,183.63130916213078,49.01640830054976,0.0001794453468085526,78.4236357588981,17.172812181757568,4.953860405681742e-06,92.073948002462,33.240062594666874,0.0056061601922455795
2022-01-18,1972,181.73673800715673,49.20498306661373,0.00022122153072169656,77.2986204607937,17.086970481604897,6.072932076673276e-06,90.24611163769522,32.12929472760568,0.004972004535197991
2022-01-19,1974,178.7559883652782,49.64464010741077,0.0003173484969914719,75.76115803945162,17.042220977837793,8.768852625891507e-06,89.04139466262522,31.378605539522948,0.00454474649225825
2022-01-20,1975,174.05036384624907,49.6921551099106,0.0004607887846442326,74.96703850392446,16.88138794492355,8.962084626863573e-06,87.73187048038655,30.818078438962274,0.004416575707646325
2022-01-21,1977,172.1577352368676,49.37976786883103,0.0004895642090187757,74.44260798604746,16.675540295233485,8.037609776026337e-06,87.27320375005968,30.861459861603166,0.004685405397443133
2022-01-24,1979,169.0448363387664,49.50923775088711,0.0006392030817477695,72.84518490710023,16.516064725641694,1.0310102348335347e-05,86.4891309459588,30.62845630748542,0.004745559097780831
2022-01-25,1981,164.99757094407008,50.241946283374105,0.001023231008179144,69.63901077116239,16.28521198726292,1.9010063202376783e-05,85.27337560888454,29.89091472526707,0.0043333267355221
2022-01-26,1983,165.01191266400716,49.25287870434455,0.0008072412108080502,69.7015274872522,15.052188015801685,3.6450637286734918e-06,85.38650762306607,30.749955590294594,0.005489677740485955
2022-01-27,1984,164.1669971506857,49.0270641138152,0.0008125104056830983,69.4913551445773,15.215724478845711,4.945770475763095e-06,85.22858045204296,31.072397552587375,0.006089862416339542
2022-01-28,1986,161.99213307069454,48.81223621061324,0.0009044440148185725,68.34393051431502,15.09871642372539,5.99762902374201e-06,84.60368789558413,31.10067693816051,0.006521943813011016
2022-01-31,1988,160.97540381739586,49.37557896093956,0.001113246033795661,62.61007794131725,15.448175010908301,5.058425669696339e-05,82.69197929724933,29.861347792703313,0.005619450403159485
2022-02-01,1990,161.58057623513292,49.5098406117955,0.0011000431313982774,62.40986184179683,15.378665929537943,4.9450208978474054e-05,82.68304614681206,30.228129017231776,0.006232316575740115
2022-02-02,1992,161.00701323790474,50.2378752493688,0.0013511271210390672,63.371558611444215,15.367169324807424,3.726276726575963e-05,83.04872921047587,30.927023405280387,0.0072461972711718265
2022-02-03,1993,160.52311019616621,50.928817562609005,0.0016220559757445915,64.58410599205375,15.183874252557644,2.104860981638432e-05,83.67265346916794,31.640707996466958,0.008182086634235362
2022-02-04,1995,160.57134486501354,50.91120492670402,0.0016107722163183934,64.77056271046095,15.381488451294528,2.5430752735002214e-05,83.96169943342849,31.87391890414208,0.00843402972580947
2022-02-07,1997,162.36010677570215,50.72573058781329,0.0013707298576282694,63.53326896978405,15.285369793591968,3.231944505007153e-05,83.04148008144954,31.308559008215408,0.00799319447302587
2022-02-08,1999,161.92857692986667,51.042491796999265,0.0015117058131742082,62.83801635467064,15.307401457544561,4.041854037481974e-05,81.8761881461361,30.630962014427414,0.007517898173606066
2022-02-09,2001,159.72699609862374,51.90645870349543,0.002089490902342436,61.89741172755741,15.328151650652305,5.38738595389247e-05,79.1919404621752,28.839475915731896,0.006033480047185478
2022-02-10,2002,160.27679955028228,51.924246326913334,0.0020236252771016227,61.827526180190205,15.318555618487933,5.434246702058626e-05,79.10826464685296,28.926093800279027,0.006241043190008239
2022-02-11,2004,159.73349893651925,52.236837104675935,0.0022291566226140904,62.49524449103497,15.369576755394649,4.779297824129965e-05,79.92925058983899,29.443932817093557,0.006635075670145503
2022-02-14,2006,160.15167365484726,52.26777973391801,0.002183542676799912,62.13728253861698,15.445254231611653,5.7445305010951334e-05,78.70549058511394,28.714930673475326,0.006126636566430445
2022-02-15,2008,160.38856461951409,52.34285141526607,0.00218258533814626,61.61512254280367,15.524801627523846,7.22298175721242e-05,76.8920050043406,27.506978767219497,0.005184138564586011
2022-02-16,2009,160.5206105253564,52.46358273700533,0.0022159001340963944,61.79844071316838,15.558076066282487,7.123782380361111e-05,76.96862863446331,27.742724739622947,0.0055308455952912524
2022-02-17,2011,160.52009257576657,52.27103882183754,0.0021340149504793103,62.02816301698062,15.602030616327324,7.01882327782352e-05,77.00608243880384,28.192596934817388,0.006306028885917169
2022-02-18,2013,159.57435698145107,52.591443113847696,0.0024115320180263375,62.25010790929534,15.563899468435618,6.34369640681111e-05,76.29605854483422,27.878138594895844,0.006204562083887052
2022-02-22,2015,159.1161668452552,52.78801875260295,0.0025761733770160995,62.47739423517511,15.394255813084998,4.9391584355041394e-05,75.97461126699967,27.982528389827394,0.006626113452094563
2022-02-23,2017,154.9360863527725,53.567194322652455,0.00382348727984863,63.06121701482978,15.42165008655174,4.3298385860574433e-05,73.65555812673244,27.031601981240673,0.006434153661539924
2022-02-24,2018,145.01998670853217,56.18362349720147,0.0098463525485032,65.52256215642504,15.563140780529293,2.5524438393592046e-05,70.68325333448749,25.624691880339544,0.0058084357854480875
2022-02-25,2020,143.54310793654204,56.37260502922136,0.010886303704259854,66.24487078484322,15.52471181728115,1.980662472033859e-05,69.78443459490605,25.5662118081012,0.006341946790722272
2022-02-28,2022,144.04112669017962,56.54716893709952,0.010856818662624222,67.28124082998488,15.737086911008623,1.9085432916723362e-05,67.88467916715165,24.86137554423354,0.006323298359445431
2022-03-01,2024,145.0193797369358,56.02289746829248,0.009637441750875338,67.26557047586408,15.717701026351921,1.8722430113086343e-05,67.22497710846561,24.504249371388276,0.0060806419006949886
2022-03-02,2026,145.49176187138542,56.03062295718398,0.009413855174111585,67.03332377004627,15.724286706487227,2.0166092402894838e-05,67.16808818777821,24.496152884731806,0.0061069096781360705
2022-03-03,2027,144.21918824247,56.240034670613646,0.010336895580323984,67.91143550602636,16.014998927326143,2.2303282437983587e-05,67.48752091925357,24.651333102577826,0.006187379672432217
2022-03-04,2029,144.87347715178328,56.588035683541655,0.010462902769090733,68.07844983545621,16.12660442130451,2.4268267155831642e-05,67.90012548494688,24.832965525664104,0.006251804592936213
2022-03-07,2031,141.90234523009133,58.08289124800526,0.0145616784164641,68.45052660498276,16.15603347851827,2.26687693202038e-05,66.49709154174026,24.120899082939857,0.005836562387585758
2022-03-08,2033,133.3767264878889,61.66658506714431,0.03055128000955057,68.69163017117295,16.295404224160524,2.4933699713088936e-05,64.58009488829487,23.082943865799265,0.005146138441319051
2022-03-09,2035,132.96688200990187,61.030894475049244,0.02935533544410507,68.76826042934174,16.291500865553285,2.430994023909183e-05,64.42910240133341,23.47408534822158,0.006056796337241592
2022-03-10,2036,133.1405401313208,63.97985157577887,0.03743609640422553,68.66354621023692,16.27088372406036,2.442745541946346e-05,63.44555352590622,23.175226922299515,0.006188075755709814
2022-03-11,2038,133.9519892596262,65.48483229039911,0.040801431188307966,68.58966369478249,16.21189553905787,2.3283763527690333e-05,63.31394480054204,23.366066851188826,0.006735353114296564
2022-03-14,2040,136.54465496901776,67.87058746666993,0.04423697324521596,68.9424737893406,16.35778449980578,2.5015653453981674e-05,62.912666351400254,23.45421352064761,0.0073104536655093436
2022-03-15,2042,136.04526214779463,70.17640749161062,0.052547843348924775,67.8747775903922,16.33881903843852,3.2642272094732674e-05,62.11907423322782,23.29495584417893,0.007661551742967213
2022-03-16,2044,135.02595874690167,74.42188476268267,0.06962672762261539,65.64158769553082,16.844385999786354,9.741511763012905e-05,60.67393931355907,22.61931609228156,0.007309710471180115
2022-03-17,2045,136.4432762819585,75.09635541576405,0.06923098259498152,64.3115395547903,17.140136801206232,0.00017535816842603988,59.75391455476928,22.326486882793283,0.007442468222052573
2022-03-18,2047,136.33589345864064,76.4239063721641,0.07443292635129155,65.21324476661552,17.238111249055695,0.00015489631892900966,59.87188310361116,22.689973789492107,0.008322622389956838
2022-03-21,2049,130.92051717950625,78.9266377333145,0.09716373557897043,66.83382875797804,17.226728243779135,0.00010460306895075034,61.107205718317594,23.43856437414444,0.00913067204164277
2022-03-22,2051,126.09951516094908,80.56636516467009,0.11754463251483675,67.84182495128042,17.250277611307144,8.39634471799726e-05,62.245792469400946,23.95016570748593,0.009350359997867737
2022-03-23,2053,124.33579530369978,81.65592541063403,0.12783893485816458,67.73128755722692,16.979984726313507,6.638325485358305e-05,62.86589145203199,23.99703202408737,0.008799783120049908
2022-03-24,2054,126.38943667159862,84.92849561943325,0.1367017288186051,66.70821991634828,16.731221018365343,6.689984399145632e-05,63.766094590457485,24.669145435454467,0.009742075176102167
2022-03-25,2056,125.53510294703821,86.44060906357898,0.1464265468464791,66.52987920649365,16.570630147867604,5.946406258444022e-05,64.52022543659754,25.223465103717757,0.010529287615103885
2022-03-28,2058,126.46572538341759,87.0355044771432,0.1462137458067127,66.02474091273963,16.35360498473148,5.4065236187724785e-05,64.92870578775783,25.457561702888995,0.010757828662796287
2022-03-29,2060,128.13912705073577,86.34041219934524,0.13777833397923644,65.27443219607422,16.103586425234806,5.047650540281507e-05,63.830774719869055,24.871517265315013,0.010275414175227702
2022-03-30,2062,127.99369209691642,86.5387823032863,0.13913156539003801,65.38229593959508,16.1591429116402,5.2067153945461774e-05,63.89024043780274,24.887287607145975,0.010252826409152748
2022-03-31,2063,128.29629562305462,88.24872931803556,0.1460008429161458,65.15164229151901,16.227960188497132,5.950201087108575e-05,64.82833397037446,25.465337138521495,0.010904384062085496
2022-04-01,2065,128.4554769225262,88.53761667662789,0.14681950751018868,65.1525801615855,16.27558037351652,6.252103849742192e-05,65.09373486609002,25.80416812857251,0.011648902216558689
2022-04-04,2067,128.92673771599078,87.9268174979135,0.14256767425311254,65.55965116537008,16.17454726618992,5.050873751608086e-05,64.63580428908219,25.327683912574717,0.01071119207457424
2022-04-05,2069,128.57441180475567,87.79324030285716,0.1430536157997148,65.21651366958513,16.039787634951804,4.784308688090558e-05,64.87115971421397,25.347393472696584,0.010488823902594258
2022-04-06,2071,128.6595652457248,88.55531841599026,0.14625922535734082,64.33861762159643,15.955520031355963,5.521631673657485e-05,65.57474944759842,26.06954868131656,0.011890507796323896
2022-04-07,2075,130.11010599565859,88.20721163770513,0.14019892324979236,63.99675933823994,15.980318142519828,6.209000168330009e-05,65.819955414195,26.454059313863112,0.012843293397155776
2022-04-08,2077,131.7006202851502,88.34344689404001,0.13601933412488226,63.31126873525194,16.092379347345577,8.346065516498337e-05,66.32632828817954,27.189414111052738,0.014710967734336989
2022-04-11,2079,130.65802198924519,90.79746490513398,0.15014905618243463,64.49397342111094,15.985857052377535,5.473278534691794e-05,65.5727588262502,26.840799049374166,0.014564704662819164
2022-04-12,2081,128.11011081002616,93.5267666404794,0.17075887097909326,67.67116374983038,16.24400427588723,3.101043405037101e-05,64.07487161297819,26.355176132838967,0.01504864120564103
2022-04-13,2083,126.38782123027782,95.39950171305755,0.1852285875923898,69.97280694098576,16.751373067886437,2.9519917210931575e-05,62.75291563714486,25.73746041901256,0.0147608593220434
2022-04-14,2084,126.717862566808,96.34713046284925,0.18843531409480685,70.21898617282893,17.14768907324219,4.222534691629155e-05,62.67474366917783,26.202683665640155,0.01676045937203479
2022-04-18,2086,126.846903726483,96.9192694966069,0.19060572946707888,70.78985740042438,17.454207932385668,4.9974257432438796e-05,62.21793873579011,26.26526556439349,0.017844472309968613
2022-04-19,2088,127.4578274119809,98.08962128339552,0.19380608493101548,71.25168983201365,17.88407823014965,6.77405925113181e-05,61.77853583302051,26.401489202393144,0.019285595724938966
2022-04-20,2090,127.67107321656496,98.36540255214847,0.19431255599354247,71.6365125145774,18.18171606549756,8.14713124999477e-05,61.66898333175669,26.505325574222294,0.01998316234058635
2022-04-21,2092,129.463620092334,98.11650901037345,0.18700580186654914,72.69719459954511,18.38747250944375,7.697560729482622e-05,61.48331944971635,26.5764862943626,0.020698019819148008
2022-04-22,2093,128.79409051691627,98.9423596446649,0.1930161220552552,72.71952431118461,18.59219432636788,9.180322130799934e-05,61.350150174674944,26.536545811533188,0.02078255100450279
2022-04-25,2095,127.44044425037058,99.02366585196751,0.1981048961459928,72.02268042327084,18.59608373918273,0.00010750268629044273,61.54660237767041,26.599913451066936,0.02067926762396103
2022-04-26,2097,126.64648870139293,100.38538007345122,0.20709170466728566,71.47056997528084,19.04107580966309,0.00017438648280848358,61.53408370584026,26.731221863502558,0.02133768074919648
2022-04-27,2099,126.28777558190122,99.23240778347916,0.20314351320666224,71.60667747978076,19.176976030043043,0.00018846838915122056,61.502414557545194,26.62820229146208,0.02090631737744172
2022-04-28,2101,126.976145714171,97.8094025416707,0.19421869072066145,72.31885029219582,19.267726551564365,0.00017447507581678959,61.25771069108332,26.4412484762593,0.02051746076286001
2022-04-29,2102,126.87899917621901,99.95380611070105,0.20430686132109022,71.22631155306723,19.601211478663252,0.00027930891125069743,61.03512342996225,26.579958714839094,0.021659670878495765
2022-05-02,2104,127.31623155336608,98.1720918024877,0.194676653439236,72.15424742632203,19.598416704168724,0.00023174160779064064,60.79453863371122,26.465969044586597,0.021614011519679663
2022-05-03,2106,125.05749463450893,98.68168602545101,0.2050545822680826,70.85113385568937,19.690186701626665,0.00032030808691463754,60.915550064784604,26.604681408954228,0.02204130596901897
2022-05-04,2108,124.14113032448876,99.34402637168601,0.21144263134300612,64.59693723180506,20.455952769082355,0.0015893447051665175,61.60858854310768,27.22997535663186,0.023664785356209105
2022-05-05,2110,124.97588166473788,98.81776502987147,0.2059750642038265,63.90082130232035,21.132637251683647,0.0024962324336943956,61.42221107867308,27.23510195545737,0.024117071272411642
2022-05-06,2111,125.80710255489109,99.0356216325226,0.20397004960321086,66.84786887840013,20.64499007834587,0.0012038325606224425,61.31214079212355,27.291278970384194,0.02466664882620117
2022-05-09,2113,126.09584459524694,99.49091494318209,0.2050084957783438,66.07351722252044,20.76511100673367,0.0014628774570418445,61.04789413565745,27.347646269062192,0.025595761688855377
2022-05-10,2115,116.52787912559852,102.328071011967,0.25480015071187534,63.420434573396726,20.943603409130276,0.0024605351259030274,60.88214851815597,27.352237892679145,0.026023814449410754
2022-05-11,2117,114.80105268223443,99.71941872122622,0.2496332285414935,63.08787308113637,20.558887609725232,0.0021503385884018146,60.8096968147092,27.343492862879806,0.026153935065748483
2022-05-12,2119,105.71906541111649,95.2934520406033,0.26725535591402005,62.397134161943264,20.19324861668016,0.0020015663093576877,60.95709339691306,27.199825693084176,0.025020636225507546
2022-05-13,2120,98.18379261532044,99.46033686508605,0.3235616130773157,58.79173471086993,20.343355063634636,0.003852756476799755,61.054366970472884,27.276205730097956,0.025196634885437982
2022-05-16,2122,98.11820446668247,99.48673670088657,0.32401335643527507,58.904371102135556,20.262867066116442,0.003649007314424657,60.93953294873617,27.28029400267226,0.02549427577329457
2022-05-17,2124,98.11256967609573,99.54676674635446,0.324333006591747,59.05936811259078,20.286309636964177,0.0035993762885351372,60.8972275968336,27.27216688027743,0.02555262253394541
2022-05-18,2126,96.63461342581883,101.34798199699759,0.34034023112095635,62.14898359009105,19.641379383504233,0.0015551721134008493,60.682676830216984,27.1504770393287,0.025414058830900362
2022-05-19,2128,97.58683338829708,101.47726772648767,0.33621941076877815,62.141195025829155,19.737428903075287,0.0016417047139032465,60.63747497449058,27.179690743293484,0.02568214061265373
2022-05-20,2129,98.37175180872804,101.92767676125119,0.3344880889934422,62.34930668190505,20.137661674791428,0.001960483510027711,60.60030748959609,27.212261593733803,0.025950710119486513
2022-05-23,2131,98.43275490573626,102.71152116149224,0.3378903792705007,61.91994217232974,20.339478737822066,0.0023320464108390034,60.49375871219974,27.17912569588343,0.026031376219335836
2022-05-24,2133,98.27858617352841,103.22141739616553,0.34103902434992517,63.307787739124755,20.255280699904397,0.001775058138237279,60.78989147000059,27.405352331905256,0.02654284278800727
2022-05-25,2135,97.33269570494852,103.33532584504046,0.346238130563327,63.19244312130185,20.426535815076488,0.001977141478685214,60.38882609824992,27.23352630228473,0.0265927492549908
2022-05-26,2136,97.70818660657439,103.43874373560104,0.3448633774924452,62.891007702553395,20.529661958425155,0.002188216117232541,60.06724339381604,27.04811619827423,0.02636754970632085
2022-05-27,2138,97.93405367393834,103.13951973021383,0.34235119288885607,62.897131098435516,20.810559582951583,0.0025080696376474313,59.61668608169909,26.606472995852116,0.025046581093375847
2022-05-31,2140,97.16748578356179,103.27284557917845,0.34676570859817624,63.04819358735376,21.098498416906562,0.0028055358583627416,59.93082582389502,26.75151590145462,0.02507289687279382
2022-06-01,2142,96.17529220935607,104.27943144757239,0.35638025224918757,63.64425974793824,21.232923496264256,0.0027226394350161804,60.17370024587054,26.995750455918166,0.025813479679982446
2022-06-02,2144,97.15149919505843,103.72372827195592,0.3489452259096868,63.918995586220916,21.360741570319114,0.002768310091286758,60.2622808989843,26.99539649930958,0.025594023074589998
2022-06-03,2145,96.32622061260241,104.77874798428773,0.3579231193897431,64.80046807227366,21.308674250591086,0.002357648106326302,60.418064575739805,27.078386925985324,0.025666006993383117
2022-06-06,2147,96.27132220416503,104.64021403031009,0.357561146831745,65.12646713066823,21.377338735522113,0.002315079011503119,60.77799483864276,27.1892555935886,0.02539319204860106
2022-06-07,2149,95.70645114389389,104.60837967154691,0.3602429025261804,65.55396193277328,21.416490505833153,0.002206650005101193,61.142995271202885,27.295326868708482,0.02508744320766144
2022-06-08,2151,95.35634698405362,104.38250415345841,0.360964880405357,65.59592876581968,21.303957160151473,0.0020766249814158358,61.47224782617151,27.279649824779046,0.024233281618972386
2022-06-09,2153,94.91082415176669,103.95808194407729,0.36125723675435606,65.7960788047334,21.037729628526076,0.00176283303230461,62.522278096097935,27.644837647717026,0.0237205325201838
2022-06-10,2154,94.56329062524756,104.06228222319989,0.36349889042791383,63.76557546067112,21.157603779925502,0.0025796610675828317,64.38923414625934,29.0273665694723,0.0265394857225556
2022-06-13,2156,93.63983436824483,103.8999811654265,0.36745553281809973,63.726781907104126,21.201220442042928,0.0026487685186929633,65.52446683718007,29.922695471861935,0.028539355082035776
2022-06-14,2158,90.18608179366711,104.4850782658869,0.38805612361704966,64.29232661389356,21.02474742164972,0.0022286736033066273,65.60909447052309,29.973334644429794,0.028602987900217203
2022-06-15,2160,85.39872755869973,105.38434432265745,0.41773618834615633,65.83251392749754,20.86252481389784,0.001602017618154703,64.84400110905348,29.5777701899413,0.02835625256467787
2022-06-16,2162,83.30896278223943,105.63185926372874,0.43030333268593846,66.42836627456194,20.669863583946384,0.001310006191126494,65.24800932854546,29.91452056951242,0.029172440336085907
2022-06-17,2163,83.1914232936568,105.3656262829662,0.42979065690790563,66.37383059541786,20.391198611339068,0.0011338298503755923,65.49667548515457,30.120733660168472,0.029669747035958705
2022-06-21,2165,83.30181660009575,105.29157135450293,0.4288543039998054,66.43850324049092,20.256178752062418,0.0010383911659391067,64.51008580242927,29.334465594186966,0.027869207031522056
2022-06-22,2167,86.13436739646953,103.43745569125419,0.40500304780544316,66.06718114968734,20.14662495698435,0.0010405846560080788,63.79381276232675,28.621149039850444,0.025820248321997627
2022-06-23,2169,88.39200008934621,101.81055698622689,0.38528445365574293,65.92994846480971,20.089881287676505,0.0010316538148512535,63.67827396986577,28.208010636660646,0.023979748346158333
2022-06-24,2171,90.38137199926238,99.50129548072536,0.36369667635553926,66.47567609736195,19.829440109582695,0.0008012204343347798,63.25579156303492,27.38976421226659,0.02091761006014221
2022-06-27,2172,87.0435776684611,101.02929447553717,0.38892544736284773,66.47143259583525,19.81678341813749,0.0007956610646129439,64.91710834093215,27.98762843799393,0.0203683200669489
2022-06-28,2174,83.67964072457858,102.28233262036146,0.41328633219968625,66.28657296028963,19.7276413721725,0.0007791819403868442,66.90406860865156,28.846299827512045,0.020377187480984
2022-06-29,2176,82.94401864636562,102.57248935069266,0.4187233666594087,66.35509249047561,19.73425133867799,0.0007725894926740069,67.75333260286631,29.26268563420337,0.020593835157915828
2022-06-30,2178,82.55013315122974,102.95423805925986,0.42266065053323787,66.41468258749846,19.851069189777064,0.0008209064574487245,68.48276506765788,29.771456545419227,0.02143221176198244
2022-07-01,2180,82.32000870867986,103.00423985887183,0.4241799666524094,66.68230888440878,20.030519832838426,0.0008714733817259668,68.43084724643252,29.775242665258283,0.021547763502400282
2022-07-05,2184,78.45450997538983,105.3228320821898,0.45633485951474706,68.0184518190082,20.283186142195813,0.0007981365812860605,66.43918357939063,28.602735274243607,0.020188489689318165
2022-07-06,2186,79.50101268924354,104.95428573405471,0.4487609721992717,69.08035974680554,20.57245439551559,0.0007853543009925943,65.91600781089353,28.14050599213556,0.019160739630699242
2022-07-07,2188,79.90547778542673,106.16555844033441,0.451660431806736,69.15163304995325,20.909672729959915,0.0009424704757584883,65.95257460047948,28.27134232839542,0.019656439742185502
2022-07-08,2190,79.39506766108317,106.64255391203494,0.4565758203157425,69.17581571071976,21.081053503200305,0.0010328538297526776,66.41319420887956,28.217624462285535,0.018592263615530392
2022-07-11,2192,80.430559282415,105.47393354588047,0.4457238309357666,69.39161288484296,21.393480905847387,0.0011803482833570075,66.72945230747574,28.15725995520657,0.01779364563256203
2022-07-12,2193,81.13660489169611,105.92050020422698,0.44366786614541087,69.76934848180267,21.687218425355752,0.001295059831558464,67.23432308215757,28.338256341704117,0.017665108758997208
2022-07-13,2195,81.5989772452287,106.19248430260386,0.44224582027134507,70.70771017383848,22.10546285369279,0.0013807113647511867,66.77344146011548,27.94414415059387,0.016869829849225353
2022-07-14,2197,81.49382646457639,105.89364583749715,0.4415479826655122,71.5596983253637,22.26169419198058,0.0013068249897192888,67.06912204266298,27.911531856079154,0.016264834545535338
2022-07-15,2199,81.31650077188809,105.83629951151917,0.44229510244036285,71.66838875938501,22.01049953058914,0.0011295393903195438,67.15600431847616,27.969553377924903,0.01634856868530726
2022-07-18,2201,80.98811910878023,105.92756550252469,0.4445328104445906,72.97612272821955,22.14304692790845,0.0009818810955461007,67.09224079267881,27.87198987771909,0.01607727989697886
2022-07-19,2202,80.46033770177561,105.91445331786234,0.44745014393571436,73.0272355391999,22.125431031778973,0.0009647773613052524,67.70400837573443,28.032763910814065,0.015727685405350748
2022-07-20,2204,80.803164505935,105.42064095105977,0.44338876375793057,74.04289354438147,22.257599176196212,0.0008790164050219458,67.70293692989048,27.84211473705914,0.015029241867775545
2022-07-21,2206,82.23869954161665,103.88973695733341,0.42859628379974524,74.66933245611514,22.256468734488667,0.0007937942497835993,67.72574116337805,27.48942965654521,0.013751068853824716
2022-07-22,2208,80.01654301883897,103.33903945527499,0.4387469686868507,73.84443675344549,21.805949383921654,0.0007080697054228846,68.82257924647764,27.713616883114028,0.013015354847629935
2022-07-25,2210,79.52580465774562,103.41149808177617,0.44187974767394833,73.96571237420488,21.79141387945098,0.0006881446617990143,69.3911593578656,27.91311322405347,0.012919889195788377
2022-07-26,2211,79.32711554831602,103.25911574480422,0.44234845337835027,74.61911728250934,21.833383876085172,0.0006316158949055732,69.86904396592757,28.077646421878775,0.012831123964587387
2022-07-27,2213,78.90551615008157,103.29953695150081,0.4449556854583838,74.62331844387839,21.79658070634627,0.0006179182769265859,69.9926771030147,28.067133881954142,0.012639821293997634
2022-07-28,2215,78.61966362032754,103.26424714729889,0.44645134498111405,74.9480859682365,21.80631707684769,0.0005882180932122316,70.40131459107442,28.22436238159979,0.012618960707071832
2022-07-29,2217,78.42677421610735,103.24242232334306,0.447471536811092,74.72537504597572,21.602907986309702,0.000542099526586617,70.94495688364053,28.44666902456883,0.012632550082869946
2022-08-01,2219,77.96106743936326,103.20745933436497,0.4500197498840086,74.47347548533729,21.56407793393624,0.0005531784873279037,71.71018186244466,28.797580166984194,0.012769059419470713
2022-08-02,2220,77.86258935672976,103.16322768093667,0.4503981662361898,74.549090085769,21.40565322820269,0.0004964170615160138,72.33984237132805,29.102091035915333,0.012928724123182241
2022-08-03,2222,77.55103675677968,102.8333056301308,0.450763247941081,74.49581298509872,21.34913984747658,0.00048409559601756124,72.56193599243822,29.043259675013285,0.012475223256370955
2022-08-04,2224,76.06574648457642,103.41685377891474,0.4620194369384003,73.86219624267089,21.23756283523303,0.0005053516317033895,72.56630522088676,28.94576133525163,0.01217692619990462
2022-08-05,2226,74.32284666488519,104.2535037808916,0.47590452982065057,73.79229219043161,21.243778967732553,0.0005135348314194323,72.27272243898125,28.62537324838118,0.011577128437663755
2022-08-08,2228,72.43083068216137,104.5625507563927,0.48849572740439096,73.76935030644809,21.255520805832052,0.0005193024170256793,71.93364248396045,28.386076182108816,0.011273103680346362
2022-08-09,2229,70.24629307800107,105.24849692101824,0.5044957564967533,73.42922542721371,21.01718704996351,0.0004762504646776807,71.7114853528142,28.256439481729522,0.011152584907283727
2022-08-10,2231,69.99971574282137,105.29054171986398,0.5061628476447995,72.82753050847957,20.96212332359756,0.0005122950092364413,71.99935052893967,28.31116971044956,0.010986028570349358
2022-08-11,2233,68.49923217360046,105.95074515893278,0.5179429153013029,71.43960849576754,20.91129714849851,0.0006347443773356291,72.39701773964798,28.437249518071944,0.010901151440657716
2022-08-12,2235,68.0636806709211,105.94849217326424,0.5205989836034695,70.88606935763646,20.89105269945125,0.0006909869551428295,72.68722397016332,28.4801420296272,0.01070428347302135
2022-08-15,2237,67.04652053144912,105.94888881068967,0.5268515354516781,70.04750006449358,20.684949093723823,0.0007081622451034446,72.81854177333321,28.443553241257774,0.010463991876901522
2022-08-16,2238,66.29137769705444,106.30280088427844,0.5328844335507156,69.10161324287462,20.330479225436125,0.0006765322202361919,72.82732947144116,28.63795068946998,0.01098940169408277
2022-08-17,2240,64.83750129365502,106.57465057060719,0.5429378660956081,68.63679419032485,20.221389689438002,0.0006881258655783252,72.76185092483358,28.50113122694526,0.010681603431550026
2022-08-18,2242,66.70357367452374,105.61256504429505,0.5276564706077974,67.99373345311493,20.16077692994744,0.0007446878579952539,72.46026048028124,28.14802133355627,0.010045542250281926
2022-08-19,2244,67.36181880329603,105.54171332655466,0.5233120624278189,67.84868809446665,20.162768161834794,0.0007653026958705533,71.5579620761708,27.47476866407589,0.009200913346587037
2022-08-22,2246,69.85312693942787,104.23022333714526,0.5027423432033199,67.25298185256054,20.19016816295233,0.0008654181296165449,71.54253316505972,27.37906996905407,0.008974148730233372
2022-08-23,2247,68.47184795022666,106.62794864757143,0.5207714665367009,68.03628817943594,20.142112742478403,0.0007306477624837643,71.8201417929204,27.62790544314005,0.009334587989857687
2022-08-24,2249,68.82713353846046,107.02042856197093,0.5201452950707239,68.10507375203044,20.228108294572312,0.0007603111433582061,71.89611436427658,27.59964572497564,0.009188361406986768
2022-08-25,2251,68.65175256048444,107.21581693741524,0.5219686993258481,68.20057989058047,20.328131870814556,0.0007936925439517028,71.96880018167842,27.554685985219805,0.009005286155342636
2022-08-26,2253,69.06734069975528,106.95708640272277,0.5184424719159586,68.0139926816791,20.32974951983401,0.0008212247698051836,71.84799637442514,27.461276181104807,0.008887837687885265
2022-08-29,2255,69.80630761411797,106.40747451490327,0.5118059579564757,68.14240839605327,20.42188193365888,0.0008476872843761681,71.62560906679816,27.258607637614233,0.008598129609469277
2022-08-30,2256,70.25021553092868,106.32466372952995,0.508795613146866,68.9125735214967,20.454091304163605,0.0007540477299417431,71.5676543107445,27.353376205276017,0.008885971734663567
2022-08-31,2258,70.06589698548714,106.81726555872098,0.5118616469453514,68.39119955823458,20.587886241666222,0.0008940205744937561,71.03586646538695,27.005595072173197,0.008528121201730805
2022-09-01,2260,69.54859751023271,107.6200042273099,0.5181224583926722,68.39479807370112,20.65283349055826,0.0009275003831228253,70.50827114441607,26.54713877260597,0.007908182417956962
2022-09-02,2262,70.3662697065509,106.8771457057184,0.5102910111601947,68.75418635738136,20.676458993319972,0.0008834248632650476,70.31141191173411,26.244271581395168,0.007381711881967887
2022-09-06,2264,71.45103765708402,106.16211261534018,0.5009237049803679,69.48925810537209,20.747551901908245,0.0008102331634522022,70.46583603436538,26.26649395085357,0.0073024545112655515
2022-09-07,2265,71.05851820496315,106.36247419811396,0.5040832691145627,69.84364704475979,20.727666144781708,0.000752812826075911,71.19325189353722,26.690973999354693,0.00764598297344834
2022-09-08,2267,69.74868440779717,106.75635247716242,0.5135341576649459,70.32502438390118,20.93673192722157,0.0007824478440185651,71.99416916382346,27.144987957056735,0.007996713220599467
2022-09-09,2269,68.40301962008257,107.40638488781327,0.5242148912433495,70.66693376701522,21.12240555008488,0.0008210735730045482,72.36526215485928,27.53846344852423,0.008594188923992696
2022-09-12,2271,66.93524706650946,107.83319926621918,0.5347776210445313,71.65076102881743,21.31808873607995,0.00077652057826941,72.31497239256628,27.69999566549238,0.009037053349285883
2022-09-13,2272,63.46209158686278,109.54657300146094,0.5623759153792823,74.48037594506556,21.529090256132932,0.0005411337103431749,71.09069812548505,27.109485806129364,0.008732439444682742
2022-09-14,2274,62.66451819074459,109.7053975812872,0.5678591659787846,76.7311044741323,21.78633968344639,0.00042833261272825086,69.52085592099364,26.17302799721234,0.007902620244646389
2022-09-15,2276,62.200168282401414,109.77546280959051,0.570977363741342,77.73258809197537,21.97950174833583,0.00040532124924850334,69.00805032180946,26.01665920749335,0.007990848283855786
2022-09-16,2278,62.24901980404967,110.06395784307777,0.5716852171952194,78.01109894782147,21.975163069520494,0.00038527976153316935,68.71396152267157,25.921821548635723,0.00802977362343173
2022-09-19,2280,62.95096079016504,110.04305005648116,0.5672829670579826,78.0323527116394,21.89988403079595,0.0003664451231194671,68.68711752719858,25.820417621090524,0.007809747322912511
2022-09-20,2281,62.31229502035599,111.01839292416564,0.5746073400633422,78.19510807238844,21.747074389786214,0.0003235688908650756,69.07425867003847,26.010633311545668,0.007916365938893406
2022-09-21,2283,63.19805346213218,111.06213555831668,0.5693335418545482,77.98920828916044,21.638898905445103,0.00031321121778040773,69.34106416414282,26.121832009704043,0.007942008179653027
2022-09-22,2285,64.18936100931342,110.48513854892788,0.5612557312317628,77.91624124362099,21.605543300745218,0.0003105846025617389,69.18721940680746,26.133205526376564,0.008109341818061592
2022-09-23,2287,65.13907340837847,109.83131421776,0.5531256795263964,77.96764699931067,21.634847770056815,0.0003135993718433913,69.0972306085819,26.07310253806615,0.008045971390077013
2022-09-26,2289,64.22802972184415,109.85318624286859,0.558768605389989,77.85553905907503,21.62148010093346,0.00031718799249257226,69.50683707479723,26.230151931643178,0.008051961908347966
2022-09-27,2290,64.29735114118843,109.31053416259104,0.5563925626709383,78.01727984339021,21.58158928884141,0.0003003565088389,69.65415403119903,26.187516430332785,0.007818176537923308
2022-09-28,2292,62.497102555264284,110.22112176565507,0.5707035393769233,77.93456523349649,21.61072348256833,0.0003106043844238212,69.91744851216995,26.239155623199693,0.007707475364639039
2022-09-29,2294,62.54282785791991,110.20786156940541,0.5703753498687215,77.95966881273121,21.606892591648112,0.0003084564300585895,69.96010882635974,26.297140053980957,0.0078054973114187595
2022-09-30,2296,62.551440086764416,110.12758220162968,0.5700412977531195,77.87318524497063,21.614875791728473,0.00031485759342992427,70.15819104815921,26.43299577030597,0.007949906708109926
2022-10-03,2298,62.63578053191417,109.93365350669919,0.5688405992860126,77.7395518666384,21.638089483362098,0.0003272467777290302,70.31450097644164,26.517170969416966,0.008009733738324015
2022-10-04,2299,63.29421050165802,109.99460663213023,0.5650004335845842,77.51163220157525,21.39845163773108,0.00029199410316300495,70.37567840880364,26.56933197765495,0.008078862820454712
2022-10-05,2301,62.03038250971933,110.29180729627444,0.5738294988628537,77.67172839015313,21.460057206328166,0.00029532957452826615,70.57044714719677,26.681573674053485,0.008171186796672442
2022-10-06,2303,61.87381284249962,110.23840051133764,0.5746115989070221,77.78654998489925,21.476068810832,0.0002923220818921214,70.64368803205316,26.734193778455687,0.008230936552666969
2022-10-07,2305,60.540308626127135,110.8345723271766,0.5849131786838009,78.32652570898186,21.655136220816814,0.0002980427253239524,70.55232213589012,26.69123750476909,0.008210794169634269
2022-10-10,2307,59.89745766613641,111.13584855469854,0.5899164374772459,78.43346279505137,21.672382999018904,0.0002956851859424555,70.38586515136011,26.61310202211407,0.008174345313649507
2022-10-11,2308,60.468032128485966,111.20094394413506,0.5865979307422604,79.29519879202543,21.705276204806665,0.0002589233727750159,70.30325861632343,26.50993351757727,0.00800262424066177
2022-10-12,2310,58.135130323243295,112.22936488093762,0.6044562842113335,78.65383191940485,21.625138885348548,0.00027567348412607103,70.24539897213971,26.438029660481206,0.007884338680428146
2022-10-13,2312,55.99098153849658,113.62763615473341,0.6221832495898179,77.72933988246875,21.571105083732128,0.000314080505484897,70.00165395525593,26.21646621587822,0.007581946425906456
2022-10-14,2314,55.20711297780811,114.02379725398852,0.6282639123015941,77.48977672964918,21.550389403495814,0.00032346039753620667,69.91407519810741,26.13898172733391,0.007479494650906799
2022-10-17,2316,55.347247004917214,113.9001476397862,0.6270183643768743,77.60059919779651,21.63852083264042,0.0003354998201936573,69.91704721774036,26.09853581088153,0.007385025445702423
2022-10-18,2317,55.67502283875281,114.18949123585541,0.6258566047834249,77.82384717716405,21.78052544421846,0.0003527891372417902,70.01304632696493,26.033918912663747,0.007160180627814185
2022-10-19,2319,55.75422578868,114.10662572196001,0.6251141867851204,78.2781065857731,21.845926609597868,0.00033942348137094174,70.14585187323874,26.105506105366615,0.007209400131269787
2022-10-20,2321,55.76019062368094,114.03958038546911,0.6248737570794791,78.34002669666187,21.988144033918005,0.00036687780143767473,70.10592102084212,26.080360450047515,0.00718656155362637
2022-10-21,2323,55.631575559806045,114.04108802908843,0.6256770207669875,78.90960243500308,22.270680136500122,0.0003952941319893564,70.3699562061354,26.258257971638965,0.007364038129205651
2022-10-24,2325,55.30357667451805,113.69146430799421,0.6266583486754714,79.50175629863105,22.576925471078795,0.0004293196565112604,70.51163338783023,26.26087687842554,0.00725200643005793
2022-10-25,2326,55.338903760085046,113.85022376164274,0.6269192456970987,80.03714801703507,22.83549581406967,0.00045670228645086137,70.53229133392838,26.14795061670638,0.006987677434479275
2022-10-26,2328,55.33714496440683,113.54665539949313,0.6260091816672244,80.60722911766598,23.082189807018942,0.0004790900256614917,70.60175226160236,26.136852668631253,0.006908273784127466
2022-10-27,2330,54.90043592515305,113.30829368529953,0.6280149861997132,81.10291497095831,23.311033782577006,0.0005029802342102349,70.81045950379426,26.23083343430206,0.006944117282659432
2022-10-28,2332,55.21755125100004,112.71145395451279,0.624203344816453,81.32340702698022,23.358425855155215,0.000498530303357447,70.77170688300889,26.120850424819967,0.006740599540830761
2022-10-31,2334,55.15106683102235,112.28909652386953,0.6233186147200602,81.43183937385784,23.396515589263775,0.000500457514414509,70.82424420026884,26.03742389519484,0.006526333296848816
2022-11-01,2335,55.06571254840571,112.01783354766728,0.623016373686382,81.67144003197131,23.454121371290398,0.0004973518161248366,71.03095283569101,26.031292689920708,0.006358922704157161
2022-11-02,2337,54.58548718155438,112.30662916820447,0.6269389754861427,81.99341299972905,23.536863656249405,0.0004946872676742303,71.26401961324542,26.191768687130242,0.00651132042703988
2022-11-03,2339,54.502966214626525,112.2239414756538,0.6272064361366956,82.18128416045198,23.571682985280773,0.0004894931761928741,71.61719353626813,26.445863310820254,0.006767617476667665
2022-11-04,2341,54.48132905786787,112.22086545593179,0.6273337268701848,82.23781338185435,23.54958946515614,0.00047921654401215144,71.5829900084844,26.48864868535579,0.006884037444510806
2022-11-07,2343,53.93026314262228,112.36715045874446,0.6312651661412195,82.46445665893081,23.594549520548718,0.0004739483925654747,71.08692118612466,26.279880891677397,0.006830561495751641
2022-11-08,2344,53.08740527324805,112.84189176381621,0.6380276156412703,82.89369787019521,23.6594448382942,0.0004589802620191924,70.66145724990582,26.075634261365334,0.006731053175233051
2022-11-09,2346,50.46758545180945,114.25128959322477,0.6586886311606494,83.94861630874344,23.92766208563609,0.0004507535490008396,69.74118758366843,25.578113661585594,0.006399129564617164
2022-11-10,2348,49.26666463316095,114.87898847296509,0.6680272549135071,84.1108271096389,23.93108732583324,0.0004402347815750111,69.25480818551802,25.364771757931432,0.006326633303671958
2022-11-11,2350,50.819421509269525,113.7606644058423,0.6550756049137529,84.74315819149301,24.043729363670543,0.0004242139460783576,68.3668915465198,24.706611712198335,0.005654879320188614
2022-11-14,2352,51.688969828432874,111.89181130673552,0.6441136671802166,84.94951398192086,24.00458931904448,0.0004018187753699227,68.16387953909634,24.35160866365477,0.005123684634429672
2022-11-15,2353,52.73331821037563,110.6318445090257,0.6336071913343049,85.05078570608707,23.991395214545093,0.000392533024006088,68.13687896014717,24.207062506216054,0.0048814880128409364
2022-11-16,2355,51.99054237238079,110.08621770969013,0.6367332747645793,85.11178744017224,23.98221588880883,0.0003867642444682818,68.26247351730376,24.25780463639798,0.004892288340551638
2022-11-17,2357,50.79118110097855,110.48064755481992,0.6457105985868097,85.26685994934877,24.016774883261824,0.00038478605146641774,68.39715247918805,24.265389935815328,0.004821671735225632
2022-11-18,2359,50.05454020190329,110.99267989294313,0.652010058328129,84.68133619456604,23.83996025810739,0.00038220533161944863,68.57012783708485,24.356521355910214,0.004873661764147222
2022-11-21,2361,50.90297448606545,110.36991052302433,0.6446527053713254,84.21899309374126,23.789914853648504,0.0003999553448455092,68.8522235086087,24.57149830182291,0.005076839134756055
2022-11-22,2362,51.466486437241905,110.07049016757632,0.6400867464110767,84.08896556645954,23.67987511191764,0.0003836639608786698,69.05096964622868,24.647645610628164,0.005086186464266508
2022-11-23,2364,50.83669554334569,110.2761253158062,0.6448024971392831,83.7757433509477,23.595132206338434,0.00038442421527935453,68.73407671831332,24.469234770165592,0.004969567025221279
2022-11-25,2366,50.36801251781958,110.65338225448305,0.6489745080049187,83.47615201123263,23.611297202940356,0.0004071079444349105,68.6265254874858,24.43668884802008,0.004979765418085146
2022-11-28,2368,50.6903299158311,110.60111690944389,0.6467249863545325,83.53082656618491,23.633063601220037,0.00040856292124703597,68.71276356661434,24.477795526383154,0.0049982469764313095
2022-11-29,2369,51.62512502279486,110.3263249334648,0.6398338206165006,84.0513502225087,23.740858767648962,0.00039957114484740375,68.82392901138944,24.451650945623733,0.004882361302184134
2022-11-30,2371,49.70564158473485,111.65689064449754,0.6562011532352885,83.0430942398106,23.558482987602513,0.0004235206777038071,68.64965466418965,24.38666860999361,0.0048769874441337005
2022-12-01,2373,49.43255256529823,110.65034108213653,0.6550587563817719,82.270752304445,23.228825019506846,0.00039747802390074476,68.47313487242464,24.37647942175931,0.004969815318357876
2022-12-02,2375,48.411367413542465,111.57418848003009,0.6643654399090062,81.46274097831416,23.45592573918782,0.0005146499392580336,68.48631612133843,24.38118497399556,0.0049698384733990655
2022-12-05,2377,47.53121026537442,112.83020400864858,0.6735629154599345,81.03065621319024,23.61340086711528,0.000600134010598873,68.59331030872472,24.357804738694334,0.004861490447444014
2022-12-06,2378,44.79721401318046,112.5124312414493,0.6905170680468893,80.04313822726621,23.310586337888648,0.0005952541154965661,68.31288568781267,24.20497927888844,0.004768563400251453
2022-12-07,2380,42.565021378809064,112.26197347945224,0.7045705644168466,78.92835470606613,22.994495516897004,0.0005980679712730333,67.62184242497176,23.89829969336794,0.004661102563691725
2022-12-08,2382,40.247508973624576,112.72396713431428,0.7210582498103384,77.6737284758672,22.827045222129904,0.0006672198464592876,66.96946129262415,23.51941919885832,0.004407636754559221
2022-12-09,2384,37.2470638784328,113.1715906854537,0.7420647877448758,75.79405140147267,22.379733752627384,0.0007073170116870786,66.44526591608516,23.31548426592334,0.004374201593401767
2022-12-12,2386,35.423772563592124,115.10162651246819,0.7582643259497521,73.97501043025244,22.77297227048832,0.0011606876156521036,66.29715198086885,23.143662304265778,0.004175467246810406
2022-12-13,2387,31.641357360576432,116.28030249431784,0.7855352966353575,71.17567692766515,22.255905960092814,0.0013835647536578597,65.88912943053978,22.87653296697312,0.003974153051230092
2022-12-14,2388,29.4697875394024,116.59292818847372,0.8004552768635536,68.88108368713763,21.477141394181476,0.0013404254608471247,65.29902293166761,22.55699093535347,0.003793441616219328
2022-12-15,2389,29.26329238508096,116.85723268590564,0.8022631985540861,68.59437482075283,21.362502303191008,0.0013228729616471665,65.09137359113222,22.481414894476373,0.0037874624195337147
2022-12-16,2390,29.551531675304187,116.43273440520112,0.7996440770056499,66.63130166783081,20.458710147664913,0.001126491294807113,64.51675822795069,22.176299080205755,0.003622781979628715
2022-12-19,2391,29.38081505119581,116.91079545524457,0.8015746886957726,66.41912891153106,21.10083709667459,0.0016455984799168448,64.49334781384208,22.054106236300708,0.003452054488730211
2022-12-20,2392,29.327170139063313,116.6087955686963,0.8014271773326291,64.22258170895329,20.731640297590552,0.0019495957857649318,63.7950494357974,21.843764075028346,0.003494529224459652
2022-12-21,2393,28.395575474567664,117.31798557640758,0.808749629701091,59.461787896187765,18.758917182065275,0.0015255027055240688,62.16678356703975,21.13449318014985,0.003266432162596396
2022-12-22,2394,22.707574842613887,117.24529497727524,0.8464297515804164,52.42677466418409,16.002924752774945,0.0010526076827543532,59.733759798097815,20.379384422773978,0.003377775804909629
2022-12-23,2395,15.072009166849469,118.3067388555403,0.8986256181987301,46.80330812596906,14.863845358730725,0.0016394115107735436,57.599586206286446,19.42237793981922,0.0030206367725677946
2022-12-27,2396,14.069515842136544,118.12494365999795,0.9051905301808586,45.81441572285543,14.691149967341051,0.0018177143173234295,57.16535210876464,19.274054719264296,0.0030177654739279107
2022-12-28,2397,10.825787277540835,116.0891239438941,0.9257016925593532,42.96323395332871,12.071630295380873,0.0003722341088082116,56.49318096767435,19.119478378256343,0.0031292769488918378
2022-12-29,2398,11.534911711910556,114.62193500770755,0.9198406738264528,43.83567459458795,11.009824474023214,6.848019126007994e-05,56.85853089987694,19.553889462928918,0.0036399704279116126
2022-12-30,2399,12.461895906123505,114.76828532103504,0.9135331677779156,41.74146588627102,9.465516153737944,1.0344429067928671e-05,55.82205149513395,19.334889335683183,0.0038879193997535563
2023-01-03,2400,12.209444502341551,114.54282204439413,0.9151120004664598,42.19532273441478,9.856292485510641,1.8601000987798578e-05,55.99503589921971,19.285610251289935,0.0036906179283397855
2023-01-04,2401,13.078318624112768,114.52808279559635,0.9090847089866098,41.3622392592155,9.42368985511127,1.1378063071675495e-05,55.49140773097502,19.09596013460618,0.0036617044411887635
2023-01-05,2402,12.841777939801203,114.59496068402312,0.9107739880389703,41.30106154040327,9.368706504239748,1.0413422048753005e-05,55.233394015410965,19.13842037635905,0.003901778051755047
2023-01-06,2403,13.348807724273227,115.33167745683635,0.90785640910347,39.37984943501016,8.700545680647446,6.007204634574336e-06,54.0002627349222,18.81359772177756,0.004101105722706977
2023-01-09,2404,12.804221448838025,115.39475898667874,0.911647935665327,38.91473962817734,8.655311091691903,6.922640389922459e-06,53.287661611236864,18.638532096301866,0.004249717157712294
2023-01-10,2405,2.7627205187457844,119.98346832191193,0.9816296585818218,34.70363878266773,9.730472814313348,0.0003617939290153626,49.453162907598475,16.757057536629063,0.0031655810425077627
2023-01-11,2409,-3.246489517812606,117.34589582545098,0.9779285552259104,32.73282410511114,10.094492642156574,0.001184269868908406,48.19183664507439,15.396068550209447,0.001747235275645498
2023-01-12,2413,-5.762863947940468,118.67148601753293,0.9612687618324701,32.381157714614304,10.433382541594684,0.0019117469947725026,47.456214526127376,14.920740287835267,0.0014699393387892724
2023-01-13,2417,-12.862977945225966,120.30964648594313,0.9148559377438835,31.25736458472019,10.49012374672474,0.0028853593767783994,45.50881938924214,14.313554005304107,0.0014756940355628453
2023-01-17,2421,-16.690647101672866,119.95885986285647,0.8893423438920688,29.223421555549514,11.427282362844258,0.010547672400504733,43.82163378331344,13.36559897382539,0.001042907377293561
2023-01-18,2425,-22.3984995531027,120.42646041662445,0.8524501146385174,24.760316851292792,11.902418911904807,0.03750022137921309,41.1960318524951,12.600510059442167,0.0010777811492951052
2023-01-19,2429,-23.371024140730107,119.45037180519732,0.8448804597009174,21.5102056025423,12.256388074094776,0.07925589514056033,39.347504251197854,12.133094035537807,0.0011828230703149884
2023-01-20,2433,-29.301407280289244,121.12197957798739,0.8088448524601242,16.828994258322815,13.836153791841943,0.22386844873725698,35.386626126063994,10.472371053913628,0.0007273777051239036
2023-01-23,2437,-33.20062829841572,121.41552243418455,0.7845101476133826,13.566708573686196,14.742492992806127,0.35744463317295316,33.135124106944765,10.138941695158785,0.0010827026346772572
2023-01-24,2441,-34.4065506446479,121.57553675903216,0.7771725888911879,12.262690922888526,15.256912473068086,0.42154335822784117,31.854933348738836,9.649828528050003,0.0009631066278509921
2023-01-25,2445,-35.39284171103035,121.60861856515612,0.7710215489802007,10.76490192601914,15.659256593905472,0.4918013718499912,30.38876817860364,9.67953692777366,0.0016924465009978574
2023-01-26,2449,-35.87386062078856,121.11552544672271,0.7670808671657345,10.522110786105255,15.247940738502544,0.4901516394142107,30.285198004584544,9.962764967628353,0.0023670492224958884
2023-01-27,2453,-35.55717527240726,119.83135085863732,0.7666750819001286,12.43588273464588,13.755414494506677,0.3659573152527521,31.61170179827691,10.217425874413811,0.0019754354470544367
2023-01-30,2457,-35.90662463713501,119.43792248169902,0.7636966396357124,12.982203531095692,12.997139864435226,0.31786697369056405,32.158892540448626,10.332616000804023,0.0018559365108789074
2023-01-31,2461,-36.06594945801603,119.38357867335436,0.7625747447763842,13.31137612879208,12.791158379762706,0.29802868256865445,32.66488422517848,10.493127119957261,0.0018520920434322483
2023-02-01,2465,-35.3726245506886,118.64980350252598,0.7656067844491313,11.788697077807432,13.718457961333899,0.39015789043934446,31.236169803809076,9.395398202755944,0.0008853773507344967
2023-02-02,2469,-33.69402772791846,117.75685067058954,0.7747768636624841,7.049171830791364,15.073276145951356,0.6400275837538729,26.698715464474724,8.086185909406629,0.0009607726519363178
2023-02-03,2473,-38.522131659646455,119.25293552528908,0.7466734374018528,2.113022895730642,16.872571937907065,0.9003381498547262,23.77724403084549,7.253641705151464,0.0010455527495153549
2023-02-06,2477,-43.10142177083731,120.01995842353935,0.7195062285008402,-1.634335757442942,18.355519573987312,0.9290518400483887,21.193845887528898,7.177175968849366,0.0031475235594284326
2023-02-07,2481,-46.28159133663152,121.48787824658699,0.7032355608229683,-4.196043732110951,19.606212598656032,0.8305345587038285,19.513893058995553,6.421825495777797,0.00237614605051807
2023-02-08,2485,-52.677096923705236,123.10964332285177,0.6687329133343796,-5.995431813408546,19.799061931880974,0.7620316646482037,13.879823991875115,6.231286644045846,0.025917807996768395
2023-02-09,2489,-59.19086127709891,124.62331509630398,0.6348167908182629,-8.142692997744962,20.108796155599435,0.6855275705117633,8.113343775513696,6.0634065666620325,0.18086924597319554
2023-02-10,2493,-64.309573274118,123.7444706815375,0.6032750987606387,-13.633341826456421,21.362217836345227,0.5233442771030449,3.5298631888614564,5.365244242826898,0.5105941261201206
2023-02-13,2497,-66.90281715128242,123.48214793402342,0.5879552346396042,-14.079143416418324,20.2968740805827,0.48789503189833816,2.0669499409244905,5.16599730598958,0.6890779571790869
2023-02-14,2501,-69.9911988825535,123.32842506858682,0.5703617625026904,-16.23595279658808,20.39855080635839,0.4260688974088037,-0.6935118071392231,5.2318132453885955,0.8945439923840409
2023-02-15,2505,-75.269235265792,124.52819275973111,0.5455542741296542,-19.78793510846747,21.41161473810767,0.35539870917559746,-6.245318160033645,6.120180438566663,0.30751663765577586
2023-02-16,2509,-79.86888335577964,123.89742937340084,0.5191623668991374,-24.00383847243035,21.03465304671697,0.2538046559646876,-9.74583896528788,5.436570550409702,0.07302976642309758
2023-02-17,2513,-81.56743773788347,124.56711418658365,0.5125919229021144,-27.46675592365801,22.189569411865577,0.215781755982427,-13.861410356230556,6.76032403824189,0.040324808182359714
2023-02-21,2517,-82.66948428677962,125.39939336959353,0.5097355809994131,-30.238189943579044,23.91115756820636,0.2060126519193629,-18.172734964583285,8.679976479707049,0.036292174393532405
2023-02-22,2521,-83.06011146135457,124.90411256314172,0.5060562457316632,-30.73683673852698,22.975562461089282,0.18095980718997695,-18.60720377155375,8.108145338018137,0.021740121069073078
2023-02-23,2525,-86.92848235517016,126.25682138451025,0.49113467540131206,-26.758509763541152,19.771533942618216,0.17593246832901155,-12.26995092375212,4.73515269310811,0.00956287858949541
2023-02-24,2529,-87.60421408444762,124.81959445591015,0.48277480339684875,-26.443849311556296,20.82867377894913,0.20423116900630844,-10.971921920156921,4.694933915622311,0.01944071958753523
2023-02-27,2533,-90.21782458281648,125.63721838178321,0.4727067303370076,-24.30089339630857,19.49166983872939,0.2124956895373329,-7.628809320398138,2.9476327490431444,0.009650306216753864
2023-02-28,2537,-93.1473676766326,126.37118263793992,0.46106553804905936,-22.558772097917693,18.61372475691255,0.22553422778925858,-5.320687945716532,1.9553526185765555,0.006506729668268976
2023-03-01,2541,-86.66708750582188,122.06414670179862,0.4776962955708448,-25.5538426348458,20.954244324323437,0.22265191113731697,-9.381447727211459,4.261548390151721,0.027706472544189995
2023-03-02,2545,-86.0240383726097,121.58265696761387,0.47923379856374837,-26.56112541263368,21.47738125208035,0.21619764837581523,-10.855321453044361,5.125220401163889,0.0341733385698668
2023-03-03,2549,-86.41424742911873,121.70118937078846,0.4776715108383791,-26.2895245555288,21.00701868201037,0.2107652933710612,-9.003614295229683,3.966467284626566,0.023211659024571684
2023-03-06,2553,-89.48252587378236,121.76322331178174,0.46240673568243795,-26.435541815687852,20.84109146200656,0.20464312938070928,-6.5064026479997334,3.538732946886358,0.06597037057217431
2023-03-07,2557,-91.36220073803038,120.8542211447848,0.4496670081780083,-26.853903802243735,20.637255202605303,0.19317827670302823,-5.424517573459631,4.4396409451972625,0.22176927349380227
2023-03-08,2561,-92.87453527738882,120.07843657921619,0.4392567566504123,-27.126911134912515,20.56045991567938,0.18704451754869533,-4.639257703175376,5.182965359253965,0.3707351386197275
2023-03-09,2565,-85.41116360964598,112.99818400626712,0.44973124812018817,-26.197286510191983,19.910840643325194,0.18826474619084266,-6.931194998177654,7.5438762330492795,0.35820840916894814
2023-03-10,2569,-82.39289023917088,111.32188471815954,0.4592198976991827,-25.18429222559984,19.30863005823478,0.19213050264593312,-9.334088891400786,9.002822543986063,0.29983101836194914
2023-03-13,2573,-84.76133473522812,113.39002656816908,0.45474961736242625,-21.27819159077876,16.475077922977217,0.19651713669686866,-10.458130649837777,9.507338272332657,0.2713294386473353
2023-03-14,2577,-87.68486073001668,112.99570736954857,0.4377479835816035,-19.21091000026647,16.173536043235437,0.23491260697874627,-12.751580200778596,9.996579901914426,0.20209897509390395
2023-03-15,2581,-88.5113299072385,113.38950914655832,0.4350404947084182,-18.3446281676026,15.64864898505612,0.24108389082221648,-12.752762432594382,9.708221484392594,0.18897936813952243
2023-03-16,2585,-90.12146012577365,113.99855182635471,0.42920712053053345,-17.281749137815556,15.077124682312995,0.2517028372107569,-13.00657225367367,9.79040714159806,0.18401243170219572
2023-03-17,2589,-91.30908935128434,114.80367748933602,0.426410014892314,-16.98282855664423,15.015656227658495,0.2580516895880044,-14.208586700174143,10.663644101514224,0.18271808591697658
2023-03-20,2593,-91.22563717833174,114.5500368676353,0.42580978502662514,-17.496927196381996,15.51311572787217,0.25937075852953884,-14.081238817996308,10.392917330860598,0.17545324833511888
2023-03-21,2597,-90.77687830637632,114.37427260315911,0.42738019030530483,-17.441917767102602,15.580445825091337,0.26293760035493885,-13.996331038086879,10.070958113731587,0.1645982607562806
2023-03-22,2601,-89.5067690990477,113.32423258094697,0.42962762075949257,-16.482236046843934,14.945535196039895,0.27010531416847516,-14.188056383890375,10.08529911933168,0.15948500907212504
2023-03-23,2605,-89.70447733588443,113.5876227106097,0.4296807151956695,-16.61671027354852,15.105912317879241,0.27132615933880877,-14.60479936021458,10.312247373238565,0.15670007869889016
2023-03-24,2609,-91.01875898589763,114.49193001734328,0.42662531677125515,-17.263170705887482,15.57421017242808,0.2676692553490714,-13.170065882407636,9.164439462114853,0.15069423350133607
2023-03-27,2613,-92.53447587320525,115.4804797650848,0.42295815407019455,-17.34709272956827,15.626338836228157,0.26694783114787235,-12.482658613292879,8.631431836812958,0.14812495064915607
2023-03-28,2617,-93.7359323587538,116.34691659569106,0.4204395364035133,-17.791791954317887,16.00090781344094,0.26617086804681667,-12.31491556267216,8.585534657479355,0.15146397276403678
2023-03-29,2621,-95.47337769998582,117.53107086585368,0.41660541036189,-17.545409082800766,15.829210113068639,0.26768058020720753,-11.227067599549557,7.749097948138615,0.14738715364332466
2023-03-30,2625,-93.18717814345968,116.01282744348771,0.4218308762911057,-17.09854125100307,15.501877048979777,0.2700279813088583,-11.558796833201503,8.009904112297775,0.14900270476749752
2023-03-31,2629,-88.29026783063559,112.04581752004282,0.43070629265479954,-15.493294596948333,14.176692697986242,0.2744504962140323,-12.253341811726493,8.678273911642071,0.1579628868760986
2023-04-03,2633,-92.37450406347925,114.33329139338824,0.4191247977347836,-15.024237114725047,13.903304931001488,0.2798646542341219,-13.858706619229206,9.79530894502659,0.1571180564986572
2023-04-04,2637,-93.22759898708387,114.82690066960832,0.416850821903638,-15.191536863186569,14.045162925067253,0.2794211688915198,-14.25610332735334,10.008040732497031,0.15431192180006173
2023-04-05,2641,-94.96115579857369,116.12771981415005,0.41351120178919465,-15.491598025154515,14.277897764161786,0.277919206197928,-14.413265484604176,10.062413321975729,0.15203322615148337
2023-04-06,2645,-94.22654507463109,114.77715064747224,0.4116735418288343,-15.36717839708468,13.983421703133015,0.2717868461830979,-14.559164112133733,10.172632791591745,0.15237031065280188
2023-04-10,2649,-94.360314179718,114.91014228702763,0.41155165934615834,-15.367465501827029,14.000393305580255,0.2723594165659574,-14.57931615360864,10.213236434710177,0.15343804913265707
2023-04-11,2653,-94.82978442742953,114.78017342322,0.4086985290593651,-15.210347618738462,13.810195972006158,0.2707289757577829,-14.565785614577408,10.088092041173104,0.14877855441489363
2023-04-12,2657,-94.81578229693254,114.70215563329454,0.4084490848861474,-15.301409672186317,13.904326739518114,0.2711237849819975,-14.638710136010669,10.142042974046573,0.14891655997343117
2023-04-13,2661,-95.14590806717611,115.0225113479312,0.4081272261098654,-15.188532017213058,13.79929184792464,0.2710382422454324,-14.515204490226038,10.067615794015923,0.14936676226853687
2023-04-14,2665,-95.54400689486862,115.54743297362903,0.4083043664947128,-14.849441653505716,13.54389370622971,0.2729064577660081,-14.121106439107152,9.724546426303071,0.14647115541208014
2023-04-17,2669,-96.20985703204683,116.19428984392616,0.4076656988527778,-14.687825971009987,13.440297991737644,0.2744728542811735,-13.943670456507158,9.521549504326165,0.14307570135592085
2023-04-18,2673,-95.49873317142219,115.72859702977671,0.4092605309081063,-14.54493849409732,13.366534407111988,0.27652413588736413,-14.007875253927754,9.562363083052508,0.14294907106998028
2023-04-19,2677,-95.05344628717584,115.19267445547038,0.40927554059968685,-14.056634275502525,12.998410100722923,0.2795139677857402,-14.219290907946325,10.026448368854584,0.1561387329750157
2023-04-20,2681,-95.16088820560716,115.2976846344102,0.4091731875164887,-13.901239477936752,12.888047894148047,0.28075947130634804,-14.436813433203007,10.21199176919741,0.15744653445527512
2023-04-21,2685,-96.6089464645943,116.1501945951041,0.4055451035804959,-13.943490012859726,12.83616800677791,0.27736142344229897,-15.22878230439135,10.786413003072024,0.1579945392557145
2023-04-24,2689,-96.43059327652091,116.03738083736731,0.40595644499543526,-13.973651435330595,12.910447581446624,0.2790960561712875,-15.18160088490399,10.823079194044976,0.16070445128977506
2023-04-25,2693,-96.59934977881808,116.15651205945125,0.4056172901571893,-13.523612886590872,12.552531417212906,0.28131883929282897,-15.294960979932101,10.924699960394685,0.16150287423218335
2023-04-26,2697,-96.11904536202718,115.66579552065231,0.40596987213099756,-14.248355084310953,13.0919997055811,0.2764515059070006,-15.11365183071737,10.774471963157378,0.16069801085555924
2023-04-27,2701,-96.29110719224222,115.53880149355724,0.40461395334921546,-14.317468926616934,13.15894489876178,0.276577096559245,-15.026019614616471,10.713302703302515,0.16074892860862577
2023-04-28,2705,-96.25032920714568,115.47190216001586,0.40454083480161795,-14.267774418353751,13.122195546698373,0.2769038715126829,-15.012314534103377,10.70425358987728,0.16077717317747842
2023-05-01,2709,-95.25274793807442,114.44855776890883,0.4052533710503702,-13.573845072810117,12.440762321480046,0.2752384562584633,-15.347849578888203,11.078480320651606,0.1659378339280928
2023-05-02,2713,-94.74549855093738,114.07964342943524,0.4062444827608357,-13.174767584065371,12.118404478734838,0.27696162128295154,-15.639818554135104,11.252973490251538,0.16457784976983436
2023-05-03,2717,-94.9959666638147,114.31724509020182,0.40598185239856466,-12.617043739923282,11.698193684223495,0.28079002257740604,-16.060418292432725,11.605285920140275,0.1663926891424521
2023-05-04,2721,-96.26069874762122,114.80443939112665,0.40176375566146516,-12.282974674594358,11.485773792685697,0.2848860093820639,-16.35355515102764,11.702355162099991,0.16227575180762366
2023-05-05,2725,-97.15605512704207,114.92121269993373,0.3978794731000874,-12.176489667242643,11.45959964376598,0.2879824268515969,-16.436619693554807,11.751615582948075,0.16191228288408954
2023-05-08,2729,-98.26275972207586,114.93204663390664,0.3925710903415526,-12.007247808760864,11.446555021507539,0.2941856940890728,-16.816079244838612,11.812895324315564,0.15458089542287093
2023-05-09,2733,-94.46302887198495,111.2039202007682,0.3956266451972119,-11.70889604287604,11.173175263253773,0.294663003757648,-15.94318012541533,11.033178066877632,0.1484518312536406
2023-05-10,2737,-96.47178786133315,111.66507749019092,0.3876215365162915,-11.825310474063937,11.333210852756247,0.2967533405239394,-16.561759552400236,11.241705447063605,0.14068562745461752
2023-05-11,2741,-96.41164521808562,110.41769365507395,0.38257917179887535,-11.912697523104475,11.308938444688785,0.29216330408448643,-16.66264928220814,11.129304751732727,0.13434463300521396
2023-05-12,2745,-98.47331972485557,111.18013942903568,0.3757740197902194,-13.408680675499514,12.212564519488163,0.27223006105282355,-17.534439545715394,11.615786601588132,0.13116204943951704
2023-05-15,2749,-100.12291960269228,111.64418427799858,0.36982366343993556,-14.091778667367597,12.48527362926354,0.25903622826841266,-18.026703662317168,11.78848315984564,0.126220016806927
2023-05-16,2753,-99.33063268351968,110.8145180565089,0.3700560365063066,-13.4280783621061,11.827903649847256,0.25625462300746016,-17.765223483346126,11.539964783961784,0.12369395339900395
2023-05-17,2757,-99.90004668914526,111.26761199214243,0.36927308952121873,-13.848611510064229,12.19696836120241,0.2562017977888318,-17.968109996512176,11.722901725393525,0.12534098892382894
2023-05-18,2761,-99.76598959935991,111.11890256646576,0.3692756828508643,-12.890179244361669,11.338464679001698,0.2555993129026034,-17.382924683049744,11.18697525744095,0.1202192797914212
2023-05-19,2765,-99.97351507373476,111.32502822989363,0.36916811932607463,-13.72086307778203,12.094497893619602,0.2565968250748458,-17.85882241428331,11.635195672848038,0.12480922596797218
2023-05-22,2769,-99.62589640548379,110.89895951312909,0.3689998675797207,-12.354506208619995,10.902553290237844,0.2571405632048297,-17.50936429509358,11.300774444001886,0.12128677638239256
2023-05-23,2773,-98.47383079082059,109.70661346576428,0.3693931292300672,-13.017723502862284,11.792757042860842,0.26964759220891343,-17.620737041675508,11.501729225745574,0.12552054956810432
2023-05-24,2777,-98.52629036114335,109.93115795106137,0.3701168765211812,-12.127811979091886,10.980644515922512,0.26938853907393856,-17.625977352648345,11.551384622613996,0.1270408179740389
2023-05-25,2781,-98.324618547022,109.77309754367384,0.3704088490517077,-12.044210790775757,10.97080479040717,0.2722734674002678,-17.59966389015069,11.532818517770242,0.12699727913317246
2023-05-26,2785,-98.49740452472558,109.91617573018505,0.37019197472088583,-12.137611480391708,11.177207969784162,0.27751209946615496,-17.590273428732015,11.547042334000148,0.12766929120409468
2023-05-30,2789,-98.63451000577096,109.96320085433244,0.36973095721457516,-11.067780283671642,10.380236360481405,0.28631703375041784,-17.51387284852894,11.48967736602962,0.12743036144285386
2023-05-31,2793,-98.53675012789847,109.82357527519221,0.3695974452229197,-11.437448972028465,10.74287714408755,0.2870324556517392,-17.542486372285733,11.452819122165529,0.12559209955190193
2023-06-01,2797,-98.17648789268566,109.4705161389143,0.36980941820020297,-11.611939938037573,10.954948561227928,0.28915728791053974,-17.47396918367731,11.360004011008858,0.12399948401696753
2023-06-02,2801,-98.37556776971024,109.5360887263902,0.3691263674571813,-11.652807020966476,11.168509784037397,0.29678032133618704,-17.503134300219685,11.343879876735528,0.12284087916971251
2023-06-05,2805,-97.18227208177363,108.66504075372768,0.3711460119071952,-11.316905837021546,10.912868856181904,0.29972471818524227,-17.050905853029917,11.044128195348446,0.12261527324481802
2023-06-06,2809,-96.98087743831312,108.53366423019965,0.37155964228508886,-11.148529544379818,10.785132769956352,0.30127913007369644,-16.98257406520987,11.007211945416367,0.12286503351721177
2023-06-07,2813,-97.10703529801818,108.44768747588381,0.37055863702764813,-11.546392540660683,10.968590845968132,0.29248866740187274,-17.070890119721998,11.0269302557714,0.12159605234835466
2023-06-08,2817,-96.77451185869467,108.20658789626296,0.37113490291379514,-11.38683884525027,10.843489789319982,0.2936683139317704,-16.947699583047275,10.93548790189884,0.12119215220935381
2023-06-09,2821,-97.04428126153034,107.87633288397373,0.36833941374944457,-11.64908165790388,10.7285628939785,0.27756715364624973,-16.59969533109641,10.822895399190385,0.1250893598510772
2023-06-12,2825,-97.13975806143107,108.23755510759288,0.36946916279447617,-11.896043319584033,11.069176344526833,0.28250908390170093,-16.80251883113921,10.938363751166772,0.12451165318537448
2023-06-13,2829,-97.60521860827834,108.38618762601061,0.36783726122080307,-11.767005813535508,10.93363409687051,0.28182846306951204,-16.54104453486428,10.744512139596411,0.12368527266087515
2023-06-14,2833,-99.25896042695327,109.8394553098906,0.3661687701614639,-12.765988802537724,11.805614721304353,0.27954193140336436,-15.946084946086645,10.250659511806285,0.11979954782236073
2023-06-15,2837,-98.05424794597684,108.74863028720954,0.3672377130556296,-11.873691715464622,11.022679935465236,0.2813884579945892,-15.96253156267047,10.280039371996976,0.1204782124745375
2023-06-16,2841,-97.30992629466087,108.22730337956266,0.36858582661929085,-10.846838349013028,10.284109367084103,0.2915541796873039,-16.262532772248655,10.512348644782076,0.12186486467102771
2023-06-20,2845,-98.76485432369726,109.33478571405956,0.3663533881957096,-12.611112976036726,11.599649728041053,0.2769494291436061,-15.925181603000865,10.174255933313793,0.11752597199320322
2023-06-21,2849,-99.57885646784459,110.01400458809717,0.3653874661360642,-13.4234473502052,12.34382406384755,0.2768324064074835,-15.772413855487617,9.971509390346451,0.11370713720117871
2023-06-22,2853,-99.5332709015895,109.93586737436405,0.3652663461072376,-13.499117771253644,12.44996480998223,0.27824530113714074,-15.807637082539046,10.048550896482485,0.11568963636939675
2023-06-23,2857,-99.58212165192401,109.92182601364553,0.3649698136303219,-14.047510381972385,12.993791916187778,0.2796553053856904,-15.921675657871553,10.236987911989173,0.11987258269673357
2023-06-26,2861,-101.22174732291522,111.04240149510855,0.3620006915040934,-15.07956090754501,13.77600518329129,0.2736809191554703,-16.097889173539514,10.450031547662512,0.12344748317876304
2023-06-27,2865,-103.88008449151415,112.86497389465757,0.35736764483148176,-16.251210658863606,14.559355719377804,0.2643348354163636,-16.50799406074977,10.770467213237808,0.12534752423218537
2023-06-28,2868,-103.37329152251051,112.56324246693504,0.35843176303246715,-15.365540957870298,14.053524974801212,0.2742364279325613,-16.182603619220412,10.581581589978832,0.1261856195082839
2023-06-29,2871,-105.49698455418209,113.23360954055356,0.35150422994462727,-16.550823649082908,14.430000623976484,0.2513927071868034,-16.21097529178594,10.654042214880594,0.12811440522862994
2023-06-30,2874,-107.26399225000841,114.11181653417822,0.347222574035832,-17.335042172943602,14.824697392038924,0.2422685606975764,-16.30408444943545,10.747537073532216,0.12926502297555245
2023-07-03,2877,-105.20266823278928,112.31250467206263,0.34891498024386103,-16.380045812216256,14.012740390316672,0.2424280056442245,-16.112370343225404,10.598677295855806,0.12845452745861305
2023-07-05,2880,-102.72221429380981,110.303924236792,0.35171635998941375,-15.060300187861024,12.971256605792446,0.24562085468778272,-15.810976223527728,10.37162844862649,0.12739760800377287
2023-07-06,2883,-102.40190823113198,109.88109147186921,0.3513707144856626,-14.529545324211053,12.390767654478868,0.24095200218236434,-15.87418353575963,10.455595470807634,0.12895197250934923
2023-07-07,2886,-102.12332395633636,109.75187964308938,0.35211603668399905,-14.095264864469735,12.188214477883733,0.2474902896727179,-15.880328660688905,10.482309995884506,0.12978136698490647
2023-07-10,2889,-102.19239215097252,109.75677327229783,0.3518119208878723,-13.288567639128532,11.740158895406852,0.25768071250648983,-15.72522261103122,10.443217974137692,0.13212282680597867
2023-07-11,2892,-101.5386460982511,109.10177501212405,0.3520200377397601,-12.08054161053744,10.83739130737782,0.26497498545322473,-14.779501933578413,9.678973715562478,0.1267684858488376
2023-07-12,2895,-100.71952071730942,108.77632358436439,0.3544811200099892,-10.927411028000416,9.967934627088342,0.2729666322692855,-14.244120086012733,9.351263974610836,0.12770132648638763
2023-07-13,2898,-99.8443662913641,108.26058945098025,0.35639318953568777,-11.355792972502826,10.231242492952193,0.2670363527544084,-13.983638437763455,9.146991955700422,0.12632170118449842
2023-07-14,2901,-99.6815296852286,108.34020200393408,0.35753155000541936,-10.832897167359473,9.956711074308888,0.27659530623493456,-13.875497000953407,9.162956499583046,0.12994888395950477
2023-07-17,2904,-99.55879383391168,107.91541844002514,0.3562348803438449,-9.642190790396128,9.109056304219687,0.28981481047333457,-13.28991662119696,8.761019868407757,0.12928254975948894
2023-07-18,2907,-99.75575489572145,107.84643579678304,0.35497651004153297,-8.66458385267484,8.437044388253673,0.30443501608920975,-12.75765150898994,8.461090922095078,0.13160515886811783
2023-07-19,2910,-99.58973473070708,107.79443656400747,0.3555458472266103,-8.117991507606046,8.138218898104665,0.31851483006266046,-12.378151960798235,8.245882500240652,0.13332161576827037
2023-07-20,2913,-98.03966364533768,106.82974930249735,0.35876613050056116,-9.220995097577777,8.867320990935829,0.29839327930052917,-12.926626770739174,8.543039032703572,0.13024966928130471
2023-07-21,2916,-96.93803130591918,105.88173887875003,0.3599128515173141,-9.940526475942265,9.537658746753047,0.2973005668462855,-13.227558724632496,8.878493033037072,0.13626558023950056
2023-07-24,2919,-96.83225677793773,105.78240496311498,0.3599864246959277,-10.211017675770153,9.829634853696946,0.29889809312268156,-13.261351056405944,8.935577843573997,0.13778061276241982
2023-07-25,2922,-95.87928640234895,104.79865734420491,0.3602491659823005,-10.002711768075251,9.749794060709988,0.3049194774633025,-13.13828000029909,8.87679588755478,0.1388545453184105
2023-07-26,2925,-95.54808085501199,104.557253329548,0.36080353605332627,-9.65940954169119,9.609435587662945,0.3148003102533371,-12.825267834947143,8.727223708414913,0.14167819785488014
2023-07-27,2928,-95.6943559044604,104.67156640182837,0.3605936459087582,-9.681541678807635,9.710721779673767,0.3187669060205234,-12.934839009236526,8.888624967271225,0.14561041496775134
2023-07-28,2931,-94.64878347313847,103.84098377939075,0.36204351505154486,-9.748534965310009,9.729242819397358,0.3163518502603928,-12.183888183218018,8.324573400711373,0.14330187504369796
2023-07-31,2934,-94.56018077553779,103.78932181459929,0.3622542110624434,-9.49126701477989,9.649324988113168,0.3253024911749437,-11.990295768071816,8.392567240948564,0.15309613274921052
2023-08-01,2937,-95.10383073982754,104.29374871096289,0.36182963366505627,-9.804013567899162,9.959101112513688,0.324905334756347,-12.52652102143769,9.005677027555306,0.1642380785147748
2023-08-02,2940,-95.74830970747992,104.77940268512889,0.3608174747184365,-10.178336608211819,10.276394321200417,0.32195032524989353,-13.068869335140766,9.66610318894643,0.17636545896972367
2023-08-03,2943,-95.78905418082005,104.72247255011447,0.36035211018962143,-10.031443937783909,10.202541089397162,0.32549427881670345,-13.05604847086344,9.701834102324405,0.17838963211145265
2023-08-04,2946,-95.75444264974051,104.71248198452925,0.3604798699416718,-10.270349039895342,10.420538274826347,0.3243357264762464,-12.703215476427758,9.373385473329874,0.17534013428824757
2023-08-07,2949,-95.64246961896964,104.66785193507783,0.36083707774566265,-10.293848049037582,10.399161076665175,0.32223623207881735,-12.650349264840806,9.351794400775407,0.1761454422600668
2023-08-08,2952,-96.76428744891165,105.4961961729338,0.3590220727101616,-9.852845487003812,10.096349558059522,0.3291229583852475,-12.809641524609722,9.538289590335953,0.17928152679480536
2023-08-09,2955,-96.47315749523582,104.99234347945954,0.358169338669308,-9.749693910642684,10.027652070773328,0.33091085640058104,-12.596130144346969,9.316579729811638,0.17637138892027038
2023-08-10,2958,-96.63392696171469,104.94998089397743,0.35717483455687726,-9.685667961313285,9.979051905449067,0.3317474968955615,-12.805830962480226,9.581400221738212,0.1813760291946782
2023-08-11,2961,-96.32924617925579,104.6169830980377,0.35716519661689683,-9.570461816061147,9.86226887288779,0.33184128301916815,-13.04439428812156,9.858974545450298,0.18580262836272143
2023-08-14,2964,-95.71503677559959,104.19160012935659,0.3582815662597806,-9.363722215127728,9.702965748596206,0.33452621489763,-12.822327534736427,9.60992785965146,0.1821123486188052
2023-08-15,2967,-95.42526055372541,103.9413794973705,0.35858323562894767,-9.195711548135366,9.596604753678958,0.33794905296611155,-13.116816650242397,9.93780361223741,0.18687144303109493
2023-08-16,2970,-95.25135632813424,103.81005340124032,0.35885227565941813,-8.635651804214334,9.287301988734052,0.3524568918849622,-13.15119657044407,9.912416453716096,0.18459479890658426
2023-08-17,2973,-95.47435132843472,103.66555426722043,0.3570586068121888,-7.894755944097989,8.748709671530685,0.3668492564689083,-12.721849352366592,9.697261647706345,0.18955346702302944
2023-08-18,2976,-96.92067749955437,104.4989751592852,0.3536775300015881,-6.691448501560001,8.045783389100315,0.405594408417173,-11.904233458857947,9.138525098366104,0.19269675589995738
2023-08-21,2979,-97.15761418715557,104.61769957375907,0.3530487599169745,-6.8372634439715,8.168717101118416,0.4025893180671528,-11.67302384267679,9.003474052884961,0.19480252544205368
2023-08-22,2982,-97.38213323232755,104.57241335084106,0.3517288423160494,-6.915495745867823,8.142445592259838,0.3957064075403617,-11.420378988592876,8.991150698563311,0.2040205520088978
2023-08-23,2985,-98.35366750906257,105.15753358868122,0.34963456612654864,-6.952445344513052,8.054139818377793,0.38801987943496585,-10.764875954851094,8.632750205280127,0.21240444435254469
2023-08-24,2988,-97.94838671584084,104.75738007320389,0.3497871367195473,-6.791724062779612,7.932933803182479,0.39191880375362254,-11.470098387837796,9.319241748880032,0.21839865330981256
2023-08-25,2991,-98.1891757416997,104.94801085435455,0.34948007374782786,-6.8350224451410835,7.961968847799035,0.39063915570207175,-11.60500061427336,9.43844754982701,0.21886735329709128
2023-08-28,2994,-98.88112109589785,105.38083451867709,0.3480791243818864,-6.972965402372762,8.066006471756008,0.3873198968449424,-11.765583575670089,9.560231055028531,0.21844263296545086
2023-08-29,2997,-98.81958508069538,105.42700487316132,0.3485903449688842,-7.6081293402231385,8.577049854608868,0.3750609408292874,-11.298860053357714,9.19210049327337,0.2189996782516671
2023-08-30,3000,-98.69589318883631,105.30996680983853,0.3486586575974886,-7.700539658679599,8.721237141646107,0.37725564649507337,-11.201342456590817,9.091790972000041,0.21793856701375314
2023-08-31,3003,-99.15517422537508,105.45804310758336,0.34709785399750603,-7.581292699468244,8.616533997669933,0.37893835689501887,-11.360034063289644,9.167226625021565,0.21527116475292185
2023-09-01,3006,-99.47357221611577,105.64874708122781,0.34642310604396387,-7.514906105662162,8.579793995688837,0.38109298307820383,-11.421920004455087,9.211039244154238,0.21496610463507393
2023-09-05,3009,-99.46711870766451,105.61246966151525,0.3462887673234365,-7.623482153448143,8.647605750495172,0.3780086115764314,-11.448177421117501,9.22080095401267,0.2143989562465224
2023-09-06,3012,-99.94227260611024,105.97088589560458,0.3456243014879604,-7.627710725948327,8.650129528329504,0.37788331419625587,-11.619132440125545,9.363919142090523,0.21466458462778149
2023-09-07,3015,-98.92636591235389,105.07064799892724,0.3464372291337233,-7.675762507513491,8.680935619022085,0.3765833321728177,-11.06400703627372,8.885165212596236,0.21304999908450895
2023-09-08,3018,-98.92075309964143,105.12591109001015,0.34671816363169994,-7.727404633635995,8.721968424040185,0.375633553195863,-11.0858587519585,8.917328836868897,0.21380093717098103
2023-09-11,3021,-98.4449171066249,104.77818744282236,0.3474456366856995,-7.633244645939476,8.629960748530205,0.37642358863193737,-10.711636099003352,8.619888982961857,0.2139912314113045
2023-09-12,3024,-98.19168194807595,104.56559330665846,0.34770820838662,-7.478541585925708,8.509698820184159,0.37949581715579883,-10.605663480947227,8.555006700202258,0.21508543970747973
2023-09-13,3027,-98.17460648170716,104.51853848390014,0.3475750527869871,-7.327853262349748,8.407026106294209,0.38340785102099006,-10.509145125173573,8.487567878469033,0.215648961856704
2023-09-14,3030,-98.38927517075452,104.48909012351515,0.34638596118740983,-7.105279535824979,8.364615534734217,0.39563380916525914,-10.370354486502453,8.440223540079705,0.21919089103912026
2023-09-15,3033,-98.68857554631047,104.58636405578632,0.3453697790816598,-6.996968052040677,8.37691658054068,0.4035669854159434,-10.293576692206095,8.406704959511929,0.22078310904133214
2023-09-18,3036,-98.4472444982812,104.36932164499491,0.345548723250357,-7.107908731732756,8.500272645256757,0.40304367250591744,-10.322863179611659,8.434044986314321,0.22097047188547447
2023-09-19,3039,-98.07755124598536,104.03550798140962,0.34581825323375515,-7.452330429250366,8.78885290206083,0.39647705806361,-10.353321061913226,8.461090449751591,0.22108840457852064
2023-09-20,3042,-97.92015242320704,103.90493613187164,0.34598719464978267,-7.471183841878043,8.869315982618694,0.3995847828901282,-10.32958090383727,8.471442272425705,0.22271461353781397
2023-09-21,3045,-97.7356281768914,103.78164305776585,0.34632427222043527,-8.100856067785589,9.564183867259922,0.39699556831613136,-10.398446634860685,8.500225792443624,0.22121105829844045
2023-09-22,3048,-97.00371174218634,102.95507459550537,0.3460930359174791,-8.126615358235133,9.653466222394462,0.39988091975231665,-10.424009253498859,8.5252525026232,0.22143491573618568
2023-09-25,3051,-96.95426297147333,102.77551760698874,0.3454970410466792,-8.088007410681604,9.645170840672478,0.4017190032898019,-10.373085614319738,8.478455427791646,0.22115446562925234
2023-09-26,3054,-96.74266268552653,102.52734146815551,0.3453847461661961,-8.065302879734514,9.635195184846635,0.40255496954610237,-10.330161724593935,8.439741669273143,0.22095589628536028
2023-09-27,3057,-96.53933868462869,102.31940039492385,0.3454202965595006,-8.009476271063608,9.558247080289064,0.40205037512280883,-10.372367155783815,8.392760396438833,0.2165066080112854
2023-09-28,3060,-96.75001523454495,102.3776553027017,0.34464326289190095,-7.5287125139510565,9.146289805858785,0.41042617589192154,-10.456281856276041,8.469230284742435,0.21697192851739167
2023-09-29,3063,-96.36053752607839,101.95352058196983,0.3445864697167865,-7.628712807375585,9.172401579337215,0.4055766748047738,-10.497102421938305,8.480236235577117,0.2157785947267008
2023-10-02,3066,-96.6978228870428,101.99799559167242,0.3431108722813274,-7.779031582869031,9.25654641073298,0.40069444426731937,-10.465737825747565,8.456852962488497,0.21588474308695704
2023-10-03,3069,-97.20792310386736,102.25685300958835,0.34179476209498083,-7.707533070672012,9.178050397139002,0.40103236582016566,-10.44512702933058,8.473438673947987,0.2176912719075733
2023-10-04,3072,-97.0057581641903,101.63515878094287,0.33985550460664116,-8.086500088021644,9.516574747858575,0.3954763239589659,-10.430365360546554,8.51973842909599,0.220854586610838
2023-10-05,3075,-95.87607615545214,100.59095193722057,0.34052510349518383,-7.711728317276432,9.14294512315953,0.3989700155166016,-10.67995340392661,8.736871007888073,0.22155630046096453
2023-10-06,3078,-95.35173600325962,99.84576392932247,0.33958260254131156,-7.420061121228549,8.84060682620982,0.4012921109469797,-10.618602942425538,8.768343898646915,0.22588935187554182
2023-10-09,3081,-95.20113880156087,99.68764819559968,0.33958056429089867,-7.223520000316815,8.62737829308908,0.40243593439260517,-10.599486550010885,8.743961152588675,0.22543334374177038
2023-10-10,3084,-95.10710797990802,99.60671972363508,0.3396655839647751,-7.483411755299883,8.814662942875485,0.39589625877539847,-10.592112187348022,8.733588001413898,0.22520556596696517
2023-10-11,3087,-94.62193427141138,99.23342658152664,0.34032219030624666,-7.920116618704886,9.131762076762369,0.385769296617421,-10.4772686535669,8.655968409247814,0.22612169824258055
2023-10-12,3090,-94.49452035911484,99.27388408530484,0.34116961757045383,-7.761690161677947,9.17996691471672,0.39783002219545127,-10.46589295709753,8.62591237024632,0.22501188732681665
2023-10-13,3093,-94.4790709651375,99.25271521286437,0.34114559745834083,-7.641104564362237,9.004591624431065,0.3961157689147502,-10.39358106769145,8.568826738923836,0.22514792573165698
2023-10-16,3096,-94.38960260561973,99.26764229785613,0.3416755914776105,-7.400462941112899,8.857525519867947,0.4034362234783536,-10.353184149043953,8.56507995145303,0.2267524559647629
2023-10-17,3099,-94.9355466221718,99.68643959333919,0.34092375023988464,-7.000370780951833,8.54643432773568,0.41273026820373016,-10.335335314924048,8.540940236596759,0.22624305971172254
2023-10-18,3102,-94.06143964283606,99.01348920772803,0.3421193094343866,-7.191484431546153,8.630974387993705,0.40472171341637797,-10.224251137910368,8.42486236675303,0.22490784581513834
2023-10-19,3105,-93.58640330972469,98.5759460413798,0.3424254617599304,-7.206860231613638,8.645512589247039,0.4045089725815637,-10.067282543395416,8.29179329632393,0.22469957994864143
2023-10-20,3108,-95.20578862097594,99.53355848806267,0.33880984232040867,-6.633935205252524,8.491021828899054,0.43463300564255924,-9.822501596629381,8.133640585667397,0.22718615037750212
2023-10-23,3111,-95.1843792938162,99.46403229349755,0.33858095457073256,-6.545700458115771,8.438906654395195,0.43795129463745097,-9.758992887156124,8.074826880345721,0.22682811799970493
2023-10-24,3114,-95.24947804615128,99.21764934261591,0.33705250275182863,-6.508023162896649,8.374504532730525,0.43708598872713933,-9.736633361821239,7.947188984374608,0.22051232069920712
2023-10-25,3117,-94.65119214046886,98.50813634312372,0.3366293842237741,-6.518660900895092,8.374704911800814,0.43634797498045674,-9.5187954823015,7.61962116268699,0.21157442943557836
2023-10-26,3120,-94.32236698280472,98.20622413524735,0.33682776448841156,-6.418892973718377,8.27707823891257,0.43804292389238564,-9.36357274702005,7.466605219651456,0.2098201099807283
2023-10-27,3123,-94.48521080406573,98.31140611565127,0.33651151222233155,-6.361926375079941,8.226326184662293,0.43930829440342944,-9.280824114499614,7.391120107258857,0.20923483904344353
2023-10-30,3126,-93.87248496534826,97.76484001655828,0.33696133216822866,-5.644122044685402,7.599910585584344,0.4576897480601485,-9.255196631629943,7.358921199156436,0.2085061011467949
2023-10-31,3129,-93.82110161096165,97.66992365245409,0.3367565580008688,-5.51535178974017,7.4818873905669125,0.4610247560553027,-9.237556603652049,7.306109413629154,0.20610064143377105
2023-11-01,3132,-93.55349074477253,97.41093534080359,0.33685379121267556,-5.223570293913099,7.221100649655268,0.4694489638583459,-9.226389623303344,7.2761985357327035,0.20478961304610577
2023-11-02,3135,-94.07336706861742,97.88343802725305,0.3365142437388966,-6.021363022776878,7.849814710251061,0.44303946939193406,-9.286080722603707,7.316925836671023,0.20439710792085164
2023-11-03,3138,-92.65935478571848,96.51530542840096,0.33703090725250373,-6.011527876941059,7.789467822562168,0.44026204791009793,-9.443029648211178,7.521032572353728,0.2092793041242048
2023-11-06,3141,-92.73119993250805,96.3360275900012,0.33575799175919674,-6.142719560965324,8.032646744621024,0.4444387433026332,-9.520283800160914,7.5720504262925585,0.20864766280235603
2023-11-07,3144,-90.34113581973122,94.19443607935699,0.33751236957437236,-5.385846885840753,7.42070103606134,0.4679694779978145,-9.706706108911783,7.718501630266333,0.20854027595665636
2023-11-08,3147,-91.13159754817143,94.7670979903142,0.3362317150307681,-4.430049084964473,6.705980134876251,0.5088613496711063,-9.744056782639186,7.738959207626621,0.20799732973165785
2023-11-09,3150,-90.74793345322215,94.33096473606936,0.3360413747049207,-4.312783232535286,6.687235047251327,0.5189740289846676,-9.802333229481995,7.788298547971293,0.20817574363399538
2023-11-10,3153,-90.60031875149058,94.36647213247264,0.33700985413166695,-3.949388267137236,6.574252599511962,0.5480160340445142,-9.844747580901787,7.7771012667178745,0.205562004337295
2023-11-13,3156,-90.60992889905252,94.32722253858259,0.33675760041568303,-3.788668125907492,6.595346687308952,0.5656662782500971,-9.870550248311185,7.755774996339991,0.20313479744318952
2023-11-14,3159,-90.58789276232618,94.0009934415594,0.3352009671492042,-3.287012092442547,6.29522733557711,0.6015704147088551,-9.83734141513082,7.681255775765176,0.2003010202848402
2023-11-15,3162,-90.02768285774295,93.31603943324949,0.3346644947004561,-2.3784796286429772,5.5803884921568425,0.6699467037648861,-9.679886210576758,7.5640441050299545,0.2006423402657066
2023-11-16,3165,-90.28654737186477,93.29756969993576,0.33318088987820815,-2.637123611105667,5.963993000487979,0.658363181236159,-9.827089717304098,7.695312357494262,0.20159418031996157
2023-11-17,3168,-91.08394083682468,93.41384812147473,0.3295313795464264,-2.7582984191658384,6.285061963069255,0.6607588166585181,-9.871021969637827,7.7340837003911505,0.2018489902277414
2023-11-20,3171,-90.69593778138837,92.73046790458291,0.32804477594011794,-2.3684394032324017,5.98652017256414,0.6923789356215556,-9.88558652904661,7.759853010519134,0.20268470907588199
2023-11-21,3174,-91.24827729391833,93.18772923000738,0.327487250031659,-2.6957061290382702,6.231492428485273,0.6653097615505589,-9.979399966630243,7.792388597360747,0.20031313402736461
2023-11-22,3177,-92.06207854575047,93.37308629242419,0.3241530026518058,-2.6380204828323883,6.13778245630998,0.6673409452456608,-9.861435551850215,7.658255089053217,0.19785493926867348
2023-11-24,3180,-92.10317178164591,92.96482094248185,0.32181673019005463,-2.661952657951106,6.147876714271776,0.6650239821976742,-9.990626661092032,7.738864562679451,0.1967147670422389
2023-11-27,3183,-92.6733376635589,92.83395486898262,0.3181485262919369,-2.7261096437078116,6.085588601351103,0.6541809532523006,-10.029491035565519,7.7715499257454,0.19686345644612357
2023-11-28,3186,-92.19334361134958,92.42044269843429,0.3185011285358489,-2.0606540093604453,5.555234883324528,0.7106828674703651,-10.171395556049472,7.932870418229452,0.19977828300222422
2023-11-29,3189,-92.57217830975063,92.81129895657149,0.31855894922158556,-2.3305069371141234,5.880267166474671,0.6918640257091507,-10.129208810051242,7.85930430972332,0.19746154602785104
2023-11-30,3192,-93.44789781785626,93.20876797193256,0.3160705344240402,-3.286432191914411,6.501775080294738,0.613230930475679,-10.009264629121498,7.761811163106169,0.19720600359264917
2023-12-01,3195,-93.68522433547945,93.44077086316061,0.31604610881189266,-3.3991798850125057,6.695775392129412,0.6116915378204232,-10.033451998901509,7.725524436790469,0.1940329766251755
2023-12-04,3198,-93.80681526367358,93.42741403315027,0.31534925082130527,-3.7997959495300884,6.849583766269269,0.5790667343290058,-10.019941682076452,7.685685876869341,0.19233087435589558
2023-12-05,3201,-94.46205842808307,93.58418296702895,0.31279214043549297,-4.193696041835996,6.977989714878722,0.5478472192199688,-10.056853098491192,7.735487680500946,0.19356910923297532
2023-12-06,3204,-96.15978602962657,94.43069835484053,0.3085303477273329,-5.013782248876217,7.204040859062067,0.48644884051579407,-9.892274902319247,7.563363670720271,0.19090043212076568
2023-12-07,3207,-96.05889600963455,93.59901096875693,0.304759103002915,-5.340331548259107,7.100959935173152,0.452016364535367,-10.010220835016403,7.6616382715976235,0.19136969664759718
2023-12-08,3210,-94.99258328006894,93.35063914513647,0.30887331836826093,-4.312280448230761,6.892832678273552,0.5315655053399715,-9.944671988160286,7.677582254430671,0.1952212644295096
2023-12-11,3213,-95.06768972225792,93.35091218396275,0.3084923764732963,-3.418373317473404,6.662136186394194,0.607878091550126,-9.865112812378966,7.601118054147316,0.19433880536587067
2023-12-12,3216,-94.46125363514533,92.86416559558339,0.3090591954496765,-3.7481345356672753,6.906891254846338,0.5873598390787413,-9.669261879116743,7.446987291455834,0.1941456033311263
2023-12-13,3219,-94.55134583355303,92.86239169419144,0.30858875947271003,-4.2712681461215585,6.870485941016756,0.5341499650489148,-9.487830765512667,7.424143392448306,0.20126008820352814
2023-12-14,3222,-93.58071095818966,92.2622679461252,0.31044431568824005,-2.6426030374149545,5.085749842539051,0.6033358981104155,-9.22370130180247,7.1312252150538376,0.19586428618893992
2023-12-15,3225,-92.39786765929975,91.35951169351988,0.3118414777081582,-2.151261718255628,4.291999941989534,0.6162121181380826,-9.024904371177497,6.869651336016652,0.18893525259934885
2023-12-18,3228,-90.78240729271968,89.80526413261462,0.3120735376088898,-0.9879203934563597,3.261139556921425,0.761937742724061,-9.257497185495465,7.070834739869476,0.1904493546223638
2023-12-19,3231,-91.7087772092355,90.93453509280226,0.31320763570435284,-1.5339392722183516,3.6130780984374327,0.6711633431327433,-8.548598618079904,6.575094094980877,0.19355008318164146
2023-12-20,3234,-91.41449358488643,90.5259485054158,0.3125837581029195,-1.6424809041950275,3.3560754073527868,0.6245548240809516,-8.443183995194376,6.541485180006918,0.19680300120929461
2023-12-21,3237,-92.04453385197134,90.7405066851964,0.3104057812110712,-2.1430581290244826,3.888905639212127,0.5815858839455927,-8.786626635424712,6.966479113550712,0.2072107833961535
2023-12-22,3240,-92.03535312552762,90.8865766434081,0.3112323034011738,-1.2331124692423512,3.5390114661204786,0.7275141557875915,-8.7243942315604,7.105379270349066,0.2195004130190198
2023-12-26,3243,-91.23724445295109,90.26361111105777,0.31211859983783585,-0.7146865996942282,3.1676900927861844,0.8214988599395591,-8.286755012519658,6.751807661628969,0.2196953060839496
2023-12-27,3246,-90.69502490424469,90.08132392936805,0.3140247694057602,-0.5204475269599455,2.7967942390412928,0.8523764024980611,-8.244595275637257,6.585048698464386,0.21056353892693647
2023-12-28,3249,-89.46155470347529,90.02343518272322,0.32034045036418024,-0.3342217417907499,3.2225023396289454,0.9173955443370596,-8.065812537428691,6.691195281809752,0.22803475056681588
2023-12-29,3252,-89.53944726367364,90.10299060343172,0.32034675376387645,-0.7387799211397313,3.571762358046772,0.8361355606372366,-8.18983972891391,6.7669273181951555,0.22617357051890796
2024-01-02,3255,-89.48019018563608,90.16128493220786,0.32098009768570046,-1.403131368044818,3.8129794128497205,0.7128820451068487,-8.464105124681561,6.937700488297131,0.22245883548696355
2024-01-03,3258,-88.82802467943601,89.59305570493534,0.32146050464989007,-1.8243634244212643,4.111469408769188,0.6572411262838564,-9.195732149461627,7.4627901901206615,0.21787027598524045
2024-01-04,3261,-88.20507093406967,89.04133520677497,0.3218769642491488,-2.0130576213389704,4.3330419972728675,0.6422301134512891,-9.65872093055631,7.747312737132406,0.21250059968148727
2024-01-05,3264,-87.7035126199914,89.0380831166363,0.32461855011544405,-2.2778350342087856,4.2502976081250035,0.5920113143645586,-9.489526430598707,7.742482173708451,0.22033269132197553
2024-01-08,3267,-87.84390077042912,88.74545271307076,0.3222517690448725,-2.0867130695042486,3.8427774300527844,0.587114586378615,-9.68142071574608,8.045707851459987,0.22885926546007473
2024-01-09,3270,-88.04567374843697,88.92239785780785,0.32210541563687767,-1.9572242489110718,3.792498800933777,0.6058001071671832,-9.955301499553267,8.189173303007372,0.22411209044620384
2024-01-10,3273,-88.23659995817493,88.12034885965781,0.31667249840563105,-2.2557687247170275,3.6902273873532043,0.5410130583467184,-10.380911088880357,8.387581502878799,0.21584494447174163
2024-01-11,3276,-87.21044516276561,86.78239832682225,0.31492939443271317,-2.2755289089385142,3.456392133437737,0.5103108124244529,-10.86328104632493,8.568858422507734,0.20488262462993712
2024-01-12,3279,-87.75608845667185,86.22405967805004,0.3087882245200563,-2.513213095591599,3.388899557802151,0.4583287965449713,-11.17106474046707,8.557917457829818,0.19177420526822864
2024-01-16,3282,-86.04381219422066,85.54307353319884,0.3144859782331343,-2.7049818599054647,3.3701276073328765,0.42218582030380225,-11.086312728019157,8.474265603038036,0.19079433971034532
2024-01-17,3285,-86.95512042520068,86.69632082926533,0.31586803699334953,-2.7976864379562603,3.4093324485815644,0.4118761146722235,-11.81066932342506,8.812862686542749,0.18019247480171163
2024-01-18,3288,-87.12458046288013,86.9179767968314,0.3161615482293597,-3.6121843750748175,4.0421171986107,0.37151629028065414,-13.131138588971387,9.843369125213945,0.18220105396315434
2024-01-19,3291,-88.18455890203153,87.69236676323472,0.31460190577024394,-4.221200782606913,4.552286197774033,0.3537860972890743,-13.768438607658679,10.39376387700825,0.1852764322532049
2024-01-22,3294,-87.4978851969253,87.13468857743952,0.3152975370620955,-3.900027872440915,4.297614635567783,0.3641495104589576,-12.959445062708063,9.694512162621143,0.18129395103669588
2024-01-23,3297,-86.73146142079845,86.11014422224909,0.31383128490381706,-3.4861372920642153,3.7595287465945817,0.3537809718809506,-13.139560366370599,9.617584023472551,0.17187564047774884
2024-01-24,3300,-85.82949999491962,85.17810130037738,0.31362372168017605,-3.2530803303526072,3.590892648911907,0.364975417156463,-13.02878137955589,9.377811798222046,0.16473546834469321
2024-01-25,3303,-86.64542251116335,85.63474223724263,0.31163262716322904,-3.6863356832533,3.8564730355832815,0.33913152309232286,-13.084715397824155,9.411031230728558,0.16441977951904874
2024-01-26,3306,-86.63863171767888,85.48018251693726,0.3107964499704643,-3.8450068745500476,3.9084506224543327,0.3252298202234696,-12.749829011565327,9.143632820528355,0.16319858408904375
2024-01-29,3309,-85.28775171738668,84.18997760637625,0.3110414138263019,-2.568039085514544,2.8899417591949583,0.3742112379907625,-12.464377623681456,8.738225244867035,0.15374719783430232
2024-01-30,3312,-87.07137247285026,86.12921600961654,0.3120456877101574,-3.792879554951824,4.678243653900618,0.41751004986481777,-12.986015941631415,9.262038620528667,0.16089468454264677
2024-01-31,3315,-88.1937365815787,87.22372759949417,0.3119585539463543,-4.655310578517892,5.390672176528813,0.38781519896527183,-14.023023266182433,10.00727841926944,0.1611296377486432
2024-02-01,3318,-89.62794273267004,88.31399330679325,0.3101639117390914,-5.660600975820386,6.067679519954554,0.35086626219272543,-13.723989291461045,10.047316311928057,0.17195910715030793
2024-02-02,3321,-88.27586574218596,87.16157790389647,0.3111632667598917,-2.750783330721883,3.6379752606843923,0.4495710759936359,-12.940842501620976,9.397740961970353,0.1685072079300458
2024-02-05,3324,-88.23314144159195,87.08379713319695,0.3109655278555076,-3.2266405891710424,4.280391774767557,0.45095792164685955,-13.180632044985598,9.739756684103604,0.175965733123846
2024-02-06,3327,-87.6882583477324,86.19872387146653,0.30902013485475366,-4.276015303958022,5.661348757602336,0.45006914837313616,-13.393355013352279,10.148632317609563,0.18692845513528533
2024-02-07,3330,-86.89755438366768,85.52776618505597,0.30962190386042,-5.985171746331817,7.131422844730825,0.4013191910573556,-13.87447442531039,10.537660103695815,0.18795392598696703
2024-02-08,3333,-86.10929631270159,85.1494412649505,0.3118859794764033,-7.278318023186551,7.870830467235827,0.35511133044890564,-14.25595771447308,10.619584433231774,0.17945939030758917
2024-02-09,3336,-86.06706512922003,85.08815907083137,0.31177497596736947,-6.896606746689106,7.455409746157119,0.35494129772657124,-13.801321585947266,10.124233786566123,0.17282054263328894
2024-02-12,3339,-86.11263227893375,85.14819182349834,0.3118601335448289,-6.615614058568871,7.183889615643747,0.35710481096697644,-13.692153305888715,10.01817926409537,0.17170972679043994
2024-02-13,3342,-85.61638062343988,84.960671876376,0.3135899613599733,-5.500434777202435,6.198206468506215,0.37485087529513017,-12.81194030790602,9.308106600467497,0.16868910580047114
2024-02-14,3345,-85.42774596838011,84.79642366419566,0.31372090236706507,-5.677825151652561,6.349836080618028,0.3712315960274618,-12.882862238838548,9.371458326821429,0.16922716930212078
2024-02-15,3348,-84.30964016742986,83.99754499622527,0.31551575063228976,-6.632054285053342,7.0009033407983505,0.34347875986994036,-13.431192765783553,9.715263642959185,0.16682325916340313
2024-02-16,3351,-84.38898979143693,84.03265388394584,0.3152627313711692,-6.4458735296248175,6.8345191377921495,0.34561190607180003,-13.148479818367942,9.45443707448824,0.16431018706724754
2024-02-20,3354,-84.06592351772828,83.68654396325171,0.31512160951492196,-5.775993997612708,6.204900261460268,0.35191760532720295,-12.428821381890458,8.781745031230903,0.15697996633940872
2024-02-21,3357,-83.69158602019648,83.41768217511215,0.31572408398315754,-6.080596946837193,6.395268296267229,0.34170782985513903,-12.785544231400637,9.058511252878352,0.15811494452816577
2024-02-22,3360,-84.06813627034734,83.78692899202433,0.3156890200068546,-6.114481378602488,6.4452390177200884,0.34278243967336575,-13.23958588803093,9.497598853142849,0.16331973215766182
2024-02-23,3363,-84.03737466828127,83.65602460416538,0.3151094654114075,-6.120520790143244,6.481444823883989,0.34500907962469785,-13.311823861146532,9.492838175460435,0.16082514941005288
2024-02-26,3366,-84.78340406496147,84.21457735698844,0.31405276849463726,-6.134386990297456,6.523660192868329,0.34704881885136873,-13.736035036855304,9.78869500436204,0.16054081714694812
2024-02-27,3369,-82.87704925259507,83.1723428629189,0.319031735083109,-5.897766845212648,6.356650795669054,0.3535059179068315,-12.95714326364484,9.356788938258994,0.16611814392077984
2024-02-28,3372,-78.71076109289469,80.43624454698458,0.3278031490918524,-5.985811031734081,6.385747585971252,0.34856804020610954,-11.935079309792542,8.658770429056126,0.16808587650050077
2024-02-29,3375,-78.94874701662037,80.8102516295463,0.32858672803840805,-5.9580249031117045,6.355229900716379,0.34850167688664735,-12.008895235056412,8.811871971681397,0.17294282823908247
2024-03-01,3378,-79.1615284527535,80.75353150682288,0.32694513411403114,-6.128463687059966,6.364307014697336,0.33557622371085816,-11.210788190237436,8.48024122370734,0.18617171274829525
2024-03-04,3381,-79.75245019390067,81.12171392241679,0.3255479525109437,-5.918038171474278,6.181851384359308,0.338403461471,-10.812037304840945,8.210115489100378,0.1878665844419457
2024-03-05,3384,-79.91250976996474,81.23123891335199,0.32523070858484193,-6.003576791661915,6.127791213362483,0.3272197432731737,-10.79908750620106,8.14381174403387,0.18482370791995206
2024-03-06,3387,-78.90709389359024,80.86344731730068,0.32916026259366993,-6.862698702375791,6.539282093895039,0.2939676013892961,-11.001493591072801,8.231662936690313,0.18139081790945655
2024-03-07,3390,-79.36557365595927,80.90139022068338,0.32658475741377135,-7.526325248831875,6.889154623585454,0.274618248115461,-11.4424893801279,8.410418236738463,0.1736674150219265
2024-03-08,3393,-78.2077661676989,79.75110467803773,0.3267663250125038,-7.243429704468166,6.57341979549325,0.27049334654461243,-10.998273229586747,7.93077771957655,0.16550773044871103
2024-03-11,3396,-74.1857926372905,76.11431100806506,0.3297275177097442,-6.785676517995566,6.175021037848801,0.2718155085876107,-10.085003888423673,7.104404866380185,0.15574094652554996
2024-03-12,3399,-75.91853622046919,77.84574280329791,0.3294396067234098,-7.197801491630077,6.577487872776026,0.2738196583656758,-10.590130702988422,7.603262234789323,0.16366806289738822
2024-03-13,3402,-74.93049459698949,77.05535464075075,0.33083953816202394,-6.833046984757177,6.288176165834691,0.27719149403860854,-10.242004882089947,7.290454221322913,0.16006546837516133
2024-03-14,3405,-75.43742636148983,77.57685636208207,0.3308407506526245,-7.330340802714339,6.795542941447142,0.28072223168668975,-10.346065343066886,7.419445049196316,0.16318093688339907
2024-03-15,3408,-75.64789091022507,77.60743415341396,0.32968400013704424,-7.736234305605413,7.006539476439354,0.26953031927031723,-10.54264785086048,7.527657434759695,0.16135713940801932
2024-03-18,3411,-75.69228914119029,77.73275747263223,0.33018057885143826,-7.302459854068726,6.6596414023259,0.27284931449686234,-10.152442462160668,7.238179869776615,0.1607290875970223
2024-03-19,3414,-72.82550969055356,75.18670428865448,0.33274700793575684,-4.8744527378317635,4.533464609541488,0.2822781270251288,-8.92981276879704,6.131210127535888,0.14526773137762905
2024-03-20,3417,-72.11988740702894,74.79859387521635,0.3349518083648274,-3.5808096596763273,3.61537036771499,0.3219588006382492,-8.250321191802383,5.662056156484648,0.14508199484403597
2024-03-21,3420,-71.82611163451297,74.47728415715794,0.3348439499652013,-4.005737602464525,4.031440445753178,0.3204057595744543,-8.47204794835903,5.924403390771059,0.15270969915378763
2024-03-22,3423,-69.38691602529572,72.37932477622086,0.33773177848896896,-5.134652510191177,4.958335087497698,0.300407552781211,-9.214592465722122,6.574163700353119,0.16102360958245554
2024-03-25,3426,-67.30495804267959,70.81445177896835,0.34188822176831224,-5.97536077687223,5.628661160238898,0.2884194044364843,-9.785141240738165,7.047473458524105,0.1649967473532501
2024-03-26,3429,-66.78776134446292,70.34744265038233,0.342417938196655,-6.122482968215349,5.774858905126931,0.2890553887918418,-9.931501769868671,7.190959742658077,0.16724533970885525
2024-03-27,3432,-65.76983141447562,69.58302879674712,0.34455712720743714,-6.21984810627031,5.830585115706273,0.28607920841827605,-10.606930448289049,7.754944435199237,0.1713860957891309
2024-03-28,3435,-65.11947326391793,68.96922109494714,0.34507682848249943,-6.521584221733801,6.071504618845159,0.28276449676820736,-11.211593795404633,8.322763421124861,0.17794805946562342
2024-04-01,3438,-65.3847012277047,69.05827441296739,0.34373828837656795,-6.678127552085241,6.181848549472138,0.2800174985914792,-11.684178823688397,8.622564460398188,0.1753952409603865
2024-04-02,3441,-66.15986518666718,69.56639834351769,0.34158817383387663,-5.7758577066867485,5.591089260332182,0.30158192773807113,-10.8950552884497,8.157522724995731,0.18168534452113894
2024-04-03,3444,-66.19997782574322,69.62265256660683,0.3416857870425234,-5.792712818030887,5.586541409203213,0.29978012530475484,-10.907006298045003,8.143555881566318,0.1804593666378259
2024-04-04,3447,-65.43865043565336,69.12186740126906,0.3437844544652525,-6.083411710971669,5.783229844069193,0.29284287414435617,-11.714323882451854,8.65954356218943,0.17613084901080067
2024-04-05,3450,-65.21455551558229,68.9439710604148,0.3441962397453694,-6.005363500565281,5.723093913910989,0.29403033390565436,-12.051426265083077,8.986690685171752,0.17991055159206926
2024-04-08,3453,-65.66451845436494,69.43795331430314,0.3443233273331422,-6.103008581761308,5.836940387552334,0.29575336877511016,-11.688520497360466,8.682005387215298,0.17820813830133764
2024-04-09,3456,-65.53610943168295,69.29261330075346,0.34425682098807686,-6.026968199083767,5.743183608579604,0.2939883451940889,-11.745488763407279,8.753975119369366,0.17968289932876558
2024-04-10,3460,-66.520940666137,69.58629242679434,0.3390980448994254,-5.059207324073399,4.9287847818880035,0.3046741495439228,-12.34504549505806,9.17583437291031,0.17850038914559052
2024-04-11,3464,-67.24010040413904,70.25392434040359,0.3385162849405621,-4.7397904275641976,4.681596828617422,0.31133236249985663,-12.671865367220462,9.490576868367276,0.1818092719023796
2024-04-12,3468,-67.92373741281591,70.7811598078694,0.3372413721609603,-4.3662673836741845,4.466466197721831,0.3282888109274471,-13.321517896119063,9.986306332487139,0.1822109043015363
2024-04-15,3472,-67.42970668527049,69.99543253163084,0.33537472766461673,-4.426897192237649,4.686691776800659,0.3448796759789181,-13.26785353629832,9.779869177598785,0.17489264108570102
2024-04-16,3476,-66.20040571391355,68.78400636143563,0.3358291644817949,-5.314728185774921,5.437638112673399,0.3283729200021376,-12.811148924916248,9.332943096202557,0.16985169625722796
2024-04-17,3480,-64.33239128204787,67.35483113877103,0.33951367553557243,-6.242434015339528,6.152896174151539,0.31031936053226283,-12.225006014810585,8.794861254459532,0.16452373731878545
2024-04-18,3484,-64.13911260999141,66.78755897537081,0.33688150147522045,-6.17121369106068,6.072374859540574,0.30949759315671854,-12.325097053585438,8.892119711145558,0.16572564367739373
2024-04-19,3488,-63.82034824671516,66.36816286621543,0.3362450984983155,-6.12677113720634,6.026543533406709,0.3093289887707341,-12.23850777920438,8.830558204578342,0.16576923895882978
2024-04-22,3492,-62.72460842872144,65.35130604518875,0.3371526095450368,-5.739911340162639,5.686270301375352,0.3127668121383028,-12.235858446097126,8.8427656448693,0.16644605112475963
2024-04-23,3496,-62.56113297432973,65.43131005245667,0.33900428622525614,-5.879441658747949,5.789624930306672,0.30986116548898546,-12.228231816865897,8.820933440744579,0.16566321368862857
2024-04-24,3500,-63.37695915550782,66.01333198719541,0.33702349644767626,-6.480356647292527,6.188789934527041,0.2950478925033745,-12.381182474057288,8.958983530565586,0.1669762513558024
2024-04-25,3504,-63.36774385911607,65.74777523647055,0.33514591620797163,-6.043963315909329,5.945695020383801,0.3093781931401207,-12.331239398847554,8.941258119857183,0.16785184556455823
2024-04-26,3508,-63.02105163726562,65.4607107073244,0.3356825649212277,-5.937785283716892,5.901806183091497,0.3143692549161392,-12.310586444300407,8.903563869363111,0.16676966512913527
2024-04-29,3512,-61.91504084975492,64.40413935747213,0.3363752674387859,-5.6032543360846265,5.609100659809883,0.31781517929144143,-12.176056556442946,8.79657921871674,0.16630308357813828
2024-04-30,3516,-62.85974162124695,65.36693242402411,0.33622828250682335,-5.377796733174666,5.445468761175689,0.3233619217681879,-12.24001320456798,8.856837623904243,0.16697642955932301
2024-05-01,3520,-62.83421943249126,66.41523202008739,0.3441070411411762,-6.181194648781749,6.123714211625565,0.31278929513957565,-12.242764230900642,8.947030220507122,0.17119921000842409
2024-05-02,3524,-62.34528458762534,65.78519963539367,0.34327716255705276,-5.65276739626644,5.699521678947809,0.3212966561148366,-12.084325354098254,8.791332054896568,0.16926394599692085
2024-05-03,3528,-63.63784226006282,66.99210211596103,0.34214755888176207,-6.5983359239669985,6.565594058391504,0.31490316483652003,-12.31252897349481,9.00156651681755,0.1713682080394281
2024-05-06,3532,-62.342418527002735,66.07534818373267,0.3454226811737181,-5.557337998589353,5.790647684342446,0.33720157936891004,-12.272090320711415,8.901453328913519,0.16799916861595754
2024-05-07,3536,-61.2148721593072,65.09434986253851,0.3470112757272923,-1.0849443377959258,2.249139008758045,0.6295345536464121,-11.805201546860365,8.462339602381322,0.16300736569285879
2024-05-08,3540,-61.67788641923506,65.36338172854072,0.34536627585066826,0.02390809317336734,1.7338784227255362,0.9889984824181718,-11.636760507479634,8.312403822090772,0.1615351091050633
2024-05-09,3544,-62.56810806952822,66.03174419089494,0.34336068189728186,-2.6492187732741685,3.42236383479461,0.43887737154725637,-12.298476117513463,8.874548435495711,0.1658036150539578
2024-05-10,3548,-62.38738754106856,65.81348693968962,0.34315883406563896,-2.368187401311655,3.1243251071644815,0.448460760651753,-12.238609617787453,8.767020130140667,0.16271966411054373
2024-05-13,3552,-58.47732817046682,63.451689446836575,0.3567351929236525,-0.5460998844728305,2.0747906074508884,0.7923908600323148,-11.58944012634605,8.313767752037684,0.1633158655380309
2024-05-14,3556,-60.57632879129248,66.01036466402489,0.35878691839512133,-0.7556601756343226,2.4069406265313646,0.7535586463626122,-12.560861728295984,8.870646914263174,0.15677465628683457
2024-05-15,3560,-60.731986003470816,67.66155674148114,0.3694069366681644,-0.8137896523711803,2.638034980338938,0.7577146299174283,-12.421318163349689,8.871235236729701,0.16145969302566943
2024-05-16,3564,-55.709351953497666,63.49677285966625,0.3802926431087502,1.5785681906306073,1.1351656361878055,0.16434492363542252,-11.635275563098547,7.999487744340825,0.14580701869229248
2024-05-17,3568,-55.8556380934662,63.7008396091641,0.3805718959033565,1.2433280704850669,1.24917870415497,0.31958239623925266,-11.812435808284024,8.139699656161904,0.14672063153496218
2024-05-20,3572,-55.76122538223541,64.50684952591936,0.38735538385310786,0.7717651726276383,1.4449247345779517,0.593257568494059,-11.916491012506532,8.034002746421553,0.1380061355485916
2024-05-21,3576,-55.39522105073362,63.91278626189676,0.38608917665971254,-1.7365181012820146,3.5067559494474625,0.620464474544644,-12.251380753100799,8.398816629188635,0.14464681301197874
2024-05-22,3580,-55.52557976992033,63.99565652394548,0.38558811860411824,-1.5603005166377188,3.2211856225223165,0.6281112258602408,-12.080421112844522,8.331693334072968,0.1470764004049313
2024-05-23,3584,-55.315733076500315,63.78704719694672,0.38583582222979607,-1.4606606128834185,3.1918147598936293,0.6472204422554443,-11.629038275269364,8.021767616839945,0.14714630793225403
2024-05-24,3588,-54.835518587343344,63.45399188537554,0.3874903339472685,-1.2259230074983376,3.025610499883893,0.685343712231113,-11.2453077025114,7.802897821170515,0.1495364642575108
2024-05-28,3592,-55.112146067762936,63.66912859202529,0.3867082773365714,-2.8542313509538344,4.441630981097667,0.5204779428734843,-12.018566776466718,8.47647483807952,0.1562277786697568
2024-05-29,3596,-54.73113315320437,63.47054962734408,0.38851830777504914,-2.6371761435974066,4.276440193014004,0.5374487458474521,-11.807612690063387,8.351939241263073,0.15743325857279122
2024-05-30,3600,-54.373027109643395,63.6733845840027,0.3931401748751555,-2.838461343901029,3.9387188230536334,0.4711211913922677,-10.923572275596158,8.183778357200982,0.18194721704628514
2024-05-31,3604,-53.677699622441075,62.83435108015654,0.39295365530011517,-2.387260635792127,3.5113436887940606,0.4965861651624136,-10.361289493702298,7.537456276317034,0.16924305654944438
2024-06-03,3608,-53.41627066047983,62.66022797032879,0.39395057241305287,-2.531082836672241,3.7138922968739063,0.49554405595867745,-10.578065998347776,7.6431917442285044,0.1663629166817906
2024-06-04,3612,-53.08521642318235,62.28671473993434,0.39406320103333226,-2.904394476891854,4.340142951055179,0.5033721953564394,-11.565418703635942,7.913744453200821,0.14389625467427486
2024-06-05,3616,-53.132802899290084,62.6128454288648,0.39610797624772565,-2.3305430936907463,4.0319126416035225,0.5632477784908785,-11.715926738409504,7.821936638309493,0.1341775776643192
2024-06-06,3620,-53.158046640437554,62.038983459969955,0.39152829058573435,-2.736260328037052,4.37549271293484,0.5317344780982535,-11.101501549284775,7.873789022908472,0.1585599710591079
2024-06-07,3624,-53.166545800356644,62.05865070366085,0.3916026887542037,-2.901921936291967,4.49887605628013,0.518906028644705,-11.195626918889793,7.94765379340987,0.158932566822369
2024-06-10,3628,-52.875355332214276,61.80296451715375,0.39224826727106643,-2.899050737704532,4.508338632582606,0.5201968983634236,-10.977720919723149,7.852044130227335,0.16209152823558004
2024-06-11,3632,-52.991752686482684,61.96179774890081,0.3924223625802231,-3.1120922717194746,4.505377892033569,0.48972231415907364,-10.435741923206647,7.725041099162677,0.1767281358440571
2024-06-12,3636,-53.36451502334976,62.0363727079345,0.38967145556542737,-3.2854902393913483,4.632612210551398,0.47819479379693786,-10.336679455111675,7.72398977016962,0.18081283933682857
2024-06-13,3640,-54.02441590463499,63.01627486877916,0.3912741682271196,-2.1921320603493157,3.6478917771322816,0.5478857973224918,-10.728356253985169,8.346135715781132,0.19864277391607488
2024-06-14,3644,-54.43663355114571,63.882820375616326,0.39414050234044784,-1.9685207230487831,3.489190773660011,0.5726337687681917,-11.053470199901332,8.872752976002918,0.2128463330154552
2024-06-17,3648,-53.25320175765758,63.26848273112339,0.39995483772743934,-1.751395820354773,3.347583473740188,0.6008475224546128,-10.552858396873491,8.682602860409132,0.22421256345990337
2024-06-18,3652,-51.10242504385305,61.97983493827895,0.40965504718334556,-1.775162376244472,3.3393626143653603,0.5950119414529595,-9.90645047693476,8.264984615776592,0.2306816393774792
2024-06-20,3656,-50.87333832042366,61.7078637900571,0.40969965446155043,-1.7130891151995766,3.278664494741638,0.6013250241089554,-9.783255162262748,8.152692361905153,0.230138181526797
2024-06-21,3660,-50.819818785630616,61.691806301174026,0.41007062967247476,-1.5285460102550743,3.1479174926522293,0.6272694322082044,-9.721467474838848,8.182648679456971,0.23481025892784602
2024-06-24,3664,-49.837134463863414,60.93152796634978,0.41340269025703436,-0.7577462029255558,2.6422661463879478,0.7742816130652179,-8.766933126114385,7.350239553677882,0.23297076711602993
2024-06-25,3668,-50.54873806918771,61.686989249600884,0.41253586868740433,0.088577823567409,2.175398590115123,0.9675207321752681,-8.033992511803286,6.729784788367919,0.2325576400833972
2024-06-26,3672,-50.995818397182255,62.368361993952156,0.4135540718087829,0.6126338352892302,2.011910783139704,0.7607443417532345,-7.5483686876107905,6.273233358047314,0.2288733846074711
2024-06-27,3676,-51.65956604383005,63.358374145463934,0.4148691447648779,0.8479579130294164,2.0080802216107454,0.6728258165672647,-6.8822772693544065,5.666091803592227,0.2245023805656714
2024-06-28,3680,-49.33873007999565,61.26674413802141,0.42064073387746026,0.07894575323491407,2.184876577062964,0.9711764524101841,-7.869369560186727,6.277004151449095,0.20995747156183087
2024-07-01,3684,-46.72227852159502,59.560384588364414,0.4327747817456762,-0.8910321849847976,2.568660645794415,0.72867703255438,-9.051321764970357,7.104095826748796,0.2026283140291827
2024-07-02,3688,-46.47670948374667,59.4925779680515,0.43467392589811793,-1.3797366114714245,2.8217335374408488,0.6248645510422913,-9.416486742841615,7.404019085015393,0.2034415359996894
2024-07-03,3692,-46.45938766372224,59.41918094450011,0.43427799316215854,-1.6191503773696734,3.0004512812019475,0.5894483490251472,-9.705743438488879,7.854708708622742,0.21658525234938952
2024-07-05,3696,-47.14737912571285,59.97469729007438,0.4317965036871959,-1.6688387137835916,3.0134087607409494,0.5797127887072537,-9.794337755039297,7.925097928733159,0.2165093772492509
2024-07-08,3700,-42.36445534412923,56.21095073562189,0.45104795467525527,-0.9352436154708129,2.5099603216367394,0.7094365641197407,-7.5605351289090414,6.210416493675274,0.22345364966931303
2024-07-09,3704,-42.80397122125853,55.988651783291964,0.44456245359517177,-1.2932719950336344,2.6177371862694936,0.6212765503449107,-6.968709466459085,5.614893596132458,0.21456453203889614
2024-07-10,3708,-43.13876777053532,55.52909908803491,0.4372367840708328,-1.5032577942565686,2.6972908262010407,0.5773078836426458,-7.057535702367315,5.936381991379563,0.2344941920427055
2024-07-11,3712,-42.571432847831225,55.14980672911046,0.440159727031852,-1.7043005620181804,2.7814891315053223,0.5400551854045365,-7.195951328513547,6.043685285248579,0.23378858100388733
2024-07-12,3716,-43.143325184938746,55.857534469940205,0.4398885190625891,-1.4419320016642643,2.6602874780722137,0.5878039557563233,-7.075053123598803,5.851625362309806,0.22663408609457414
2024-07-15,3720,-42.36793679021804,55.26572673507231,0.4433061317064779,-2.4528402832066685,3.2342379702432713,0.44821262991765587,-7.553979461123438,5.930220102788945,0.20273041407928016
2024-07-16,3724,-41.81614814261015,55.05489268116011,0.44753225699144683,-2.962540810530401,3.471031539398622,0.3933796296529152,-7.243321787587794,5.684146763734197,0.2025562709848161
2024-07-17,3728,-41.40909820055473,54.69957110982323,0.4490331831308899,-2.9564392105961756,3.4751537039484015,0.39491588473921935,-7.255132794779825,5.72060557028053,0.20471026035866402
2024-07-18,3732,-42.2191121339466,54.61207047643462,0.4394792335901122,-2.636308807466264,3.2680889748011843,0.41984967178028776,-7.187339730210401,5.85894774096364,0.21992455226575103
2024-07-19,3736,-41.58139964140483,54.483109701683134,0.4453453292214139,-3.2754268864777263,3.560854286026881,0.357654809425907,-7.190357366157772,5.699602597114745,0.20710925979766814
2024-07-22,3740,-41.62750882860196,54.32036915437727,0.4434779973421764,-2.9861721396900927,3.4658281386960734,0.388905349652074,-7.426603448793794,5.8785130259996174,0.2064644012862672
2024-07-23,3744,-42.375957199036876,54.4165841815998,0.43613736606597187,-3.775742927467166,3.7970554370359175,0.32003444817672055,-6.957962803369176,5.68356287343009,0.2208671586712374
2024-07-24,3748,-43.424312271601735,55.36105923132361,0.43281500201073464,-4.505146828258897,4.245067254459235,0.28856889529762264,-6.59910934765884,5.372309784220564,0.2193133302231356
2024-07-25,3752,-41.698883291573026,54.55418877705462,0.44465444730130055,-4.144500925305625,4.279039750553062,0.3327654474253171,-6.806828406107282,5.448302676486436,0.21153766085730163
2024-07-26,3756,-41.35558154173946,54.310185058094575,0.4463763368183825,-4.085148808311696,4.259103273365445,0.33747964832972743,-6.845948870647122,5.503108074085386,0.21349405039117086
2024-07-29,3760,-41.120491973241265,54.318060577629694,0.4490308904919347,-4.069689195606741,4.251329944000773,0.3384287880166643,-6.825597943972852,5.496393912771694,0.21429854679181792
2024-07-30,3764,-40.40352649181927,53.70814628550866,0.45188311576862117,-4.309448447391404,4.442550953388455,0.3320269671191536,-6.768946480028951,5.479631518717482,0.21672174804112987
2024-07-31,3768,-40.36238063942849,53.720109430241266,0.45244454952128865,-4.239264051823123,4.4553534432585336,0.34135115941219485,-6.751255084748124,5.496357385309346,0.2193289564042883
2024-08-01,3772,-40.6697205782633,53.891896149307556,0.45045677442527554,-4.029703049937796,4.416008285534785,0.361494191898168,-6.6616076084407165,5.508344073934415,0.2265220160644561
2024-08-02,3776,-40.679645568572234,54.176620977345266,0.4527303836087623,-4.014885084306494,4.389933011883398,0.3604193221593547,-6.52248327933316,5.717638041606437,0.25396758948001874
2024-08-05,3780,-39.87118295894454,54.11594847359899,0.46126025617766764,-4.470627628001141,4.749002880199292,0.34650894047679137,-6.300530448022906,5.840531974139938,0.2806948699044447
2024-08-06,3784,-38.52259256312167,53.88679111591657,0.4746831581089883,-4.702066019860723,4.927673427464429,0.33997419479748814,-6.097839089531884,5.799142311436541,0.2930257680248399
2024-08-07,3788,-36.90011292586285,52.18547186561278,0.47950712507079396,-4.4280489758178385,4.767329660891215,0.3529760891391751,-5.96369696248693,5.679409988574302,0.2936924939978526
2024-08-08,3792,-35.93446618156306,50.08855019380055,0.47311573998207024,-4.268375299982525,4.629834781694845,0.3565660225503394,-5.923308573650208,5.343645657433381,0.26765584533439735
2024-08-09,3796,-35.211798846060226,49.857975737997144,0.48003762628929236,-4.1222928264352054,4.6069267508746385,0.370892296231501,-5.726182701680928,5.303617297652831,0.2802869558986645
2024-08-12,3800,-34.38096650611121,49.0644314614817,0.48347092657827917,-3.5984382469216,4.34088240949262,0.4071243871875002,-5.495673341835823,4.992701411653881,0.27100920494489034
2024-08-13,3804,-34.03836731533812,48.66050190073128,0.48423516789066745,-4.2722371096893355,4.688492365417739,0.3621806932406957,-5.514270893625751,5.076512599875444,0.27737632307931304
2024-08-14,3808,-33.2103708744712,47.71619982984576,0.48643019742106963,-3.427450157669431,4.300452196877286,0.4254524146632933,-5.232604826021144,4.867745698110364,0.2823951289093646
2024-08-15,3812,-33.05030434630917,47.56663797306301,0.48716741504993044,-4.110592052570622,4.567486864506957,0.3681372764222328,-5.414176826664965,4.9652671826286445,0.2755325931515644
2024-08-16,3816,-33.271484674711864,47.5631964883688,0.4842261010865355,-3.851830247582957,4.494013388219906,0.3913882227532668,-5.36403558289507,4.912516949612132,0.2748718385716993
2024-08-19,3820,-32.45066594452468,47.06019845953252,0.4904731281510901,-3.2514102635006656,4.268114007963851,0.44618483314349755,-5.051232379450265,4.752068360446923,0.2878025923056895
2024-08-20,3824,-31.616323668253578,46.38709603342134,0.49550719996194126,-3.385552800371806,4.448712490670903,0.44664597800997874,-5.009258665290274,4.561559063830482,0.2721406625539211
2024-08-21,3828,-32.26191489451747,46.980363004014734,0.49226509405235086,-2.914805878601453,4.302394491186206,0.4980985572544433,-4.623424032140439,4.2426859151728,0.2758277443914844
2024-08-22,3832,-33.04509752264768,47.215499893656045,0.4840033933165542,-2.621454747740552,4.263252477465479,0.538623737318868,-4.271010518201916,3.928172325582963,0.2769145117067747
2024-08-23,3836,-33.44165523013345,47.62113311538367,0.4825270070803208,-2.512567104086838,4.363218186204192,0.5647153483827154,-4.273170575715337,3.799316804444553,0.2607073714717405
2024-08-26,3840,-30.247322276538917,44.4642281049798,0.49633861606459206,-3.4254175609263013,4.698648114504068,0.4659882422477808,-4.691891052113604,4.214269346168257,0.26556483564232347
2024-08-27,3844,-30.123083264791507,43.50890816466263,0.48872202074008053,-3.2227484735102934,4.479812015577733,0.47189838677150997,-4.457437578258445,4.4555356782215725,0.31710397561124826
2024-08-28,3848,-29.82175814202218,42.96782560666627,0.4876517467063214,-3.1258215721539946,4.382810571911648,0.4757218549248863,-4.366791313302357,4.61507601887151,0.34404588072681064
2024-08-29,3852,-29.950523800192432,42.970815522233075,0.48580475437119064,-3.0937570964422925,4.362479523100687,0.47821649980574055,-4.400195393321274,4.5730094382868876,0.33594412891885095
2024-08-30,3856,-30.403845279160976,43.44235607176241,0.4840107436378721,-3.0211838308039414,4.26372238176334,0.47858581712405923,-4.097862730569001,4.579263309556816,0.37085455708312676
2024-09-03,3860,-29.968328115741357,43.369280623155746,0.4895632920976539,-3.0911484807201197,4.383174948561951,0.48066682901921143,-3.8218059816013006,4.632996247133052,0.4094225602144441
2024-09-04,3864,-29.482494367983428,42.761192090235575,0.49052849831782797,-3.2657751165759366,4.539310415791301,0.4718680088430873,-3.715470157172144,4.561801578879229,0.41537328805720974
2024-09-05,3868,-30.07102073188322,43.22347532978909,0.4866102195560734,-2.784360172964879,4.205736364172477,0.5079464294244385,-3.848005178173391,4.656845952299233,0.4086274342509203
2024-09-06,3872,-30.4425418432232,43.72065068257982,0.48624308162530927,-3.084553303036346,4.432021991685651,0.4864477648750474,-3.701266319826522,4.5425602967176655,0.41518828935796925
2024-09-09,3876,-30.64900957300232,43.7463469368154,0.483548127713047,-3.398876632667033,4.648817606353195,0.4647015099521248,-3.651187261659665,4.4653569768176755,0.41354579572588834
2024-09-10,3880,-29.661190148995182,42.824708786039864,0.48854893009351286,-2.8925437624355963,4.315734750337075,0.5027098737966672,-3.754740847210603,4.525356138100103,0.4067018156979695
2024-09-11,3884,-29.467860166040335,42.70193306913086,0.4901422569613243,-2.424278195165986,4.058444087393847,0.5502792188303628,-3.7714473184265285,4.843743272609686,0.436202142651157
2024-09-12,3888,-29.660739812905216,42.75604589860946,0.4878575913653892,-1.8542504317920445,3.7847361172088623,0.6241844307592236,-4.427588687713611,5.286676869907123,0.4023119160682711
2024-09-13,3892,-29.390269590642234,43.04163925633292,0.49471211132426773,-1.7298093953726335,3.8475677647886926,0.6530095855825451,-5.188808700307008,5.386513571377734,0.3353988396005866
2024-09-16,3896,-27.632735023657943,41.3166115172528,0.5036202063634161,-2.792497981184924,4.361785957305542,0.5220302712298657,-4.6697672023315,4.944201835896465,0.34491744897956944
2024-09-17,3900,-26.57489169442547,40.429973813587246,0.510983744766556,-3.836243714566552,5.0125180822414395,0.4440734905104704,-4.243174209442114,4.4207176579936585,0.3371365930311676
2024-09-18,3904,-26.588611915018816,40.3270252325985,0.5096871555713682,-3.9125431150918444,5.056058462224992,0.43902976224124524,-4.017379909958153,4.4760221320929725,0.36943429398708794
2024-09-19,3908,-26.103594189295467,40.39085146957637,0.5181013290182604,-3.898190275979557,5.060578864973212,0.4411188653392426,-4.0423875088802745,4.47986002581326,0.36687265429432825
2024-09-20,3912,-26.142815751256656,40.68090761264657,0.5204635085770959,-3.9087341733659047,5.075986065584258,0.4412736105514625,-4.190840177082108,4.562215174798431,0.3583060571746933
2024-09-23,3916,-24.70789783538612,39.38537861011744,0.5304384783134664,-4.111400370208487,5.2082531580045535,0.4298776582636664,-4.29486022927419,4.677694591825846,0.3585364312132382
2024-09-24,3920,-24.921892618593372,39.34912127815938,0.5265030071401745,-4.138875333992292,5.237399076308035,0.4293794715627265,-4.258552693522656,4.689088452515236,0.36378128790966324
2024-09-25,3924,-25.817770555919108,39.60781168548605,0.514507414659714,-4.075025538477319,5.216744143981547,0.43471812693445644,-4.304219291545752,4.686712352846577,0.35841589287891296
2024-09-26,3928,-25.292231728026366,39.75921911772885,0.5246884203937541,-4.211411260561946,5.300547242807697,0.42689052369884173,-4.4894407536176395,4.612828434842098,0.33042847581346513
2024-09-27,3932,-23.627543384389668,39.06306404653566,0.545274430522463,-3.0815663709619874,4.735479994621572,0.5152143212432452,-4.719996970977571,4.568648319012791,0.30154415820003666
2024-09-30,3936,-23.16975429432089,38.71135120817231,0.5494889451287361,-3.0871291142289796,4.736072243254276,0.514508783206697,-4.729422504823617,4.589766333963353,0.3028092615607447
2024-10-01,3940,-20.76853736413992,36.888119245615876,0.5734251699533476,-3.270556318043321,4.8089998863478804,0.49644700388661,-4.896707103859036,4.623136410900045,0.2895204236161426
2024-10-02,3944,-20.521611841881338,36.96378611884586,0.5787704915529077,-3.5049988901618208,4.960913129972974,0.4798629969124871,-4.884057882512324,4.614825695945832,0.2899001414791378
2024-10-03,3948,-19.923955838232615,36.77298657915627,0.5879497019112534,-3.7577991286381205,5.063375447202858,0.4579946591186346,-4.7354540403283725,4.537857704814248,0.29669642786576667
2024-10-04,3952,-19.86829872153913,36.72071090032333,0.5884626447701359,-3.66297861089843,4.94359575108275,0.4587211400218829,-4.672371339110911,4.4501209283595085,0.2937445245493632
2024-10-07,3956,-20.239317437193996,36.6340009404729,0.5806239347105584,-3.0193605266319845,4.6993457163302965,0.5205443208134473,-4.42216208971133,4.264193836269731,0.2997147553249868
2024-10-08,3960,-19.567156629376875,36.09261534647956,0.5877238561543245,-3.2056358195909915,4.792071436705919,0.5035300849563645,-4.571487247810228,4.385568827133533,0.2972294047357962
2024-10-09,3964,-19.709287519353907,36.15487966728154,0.585660725774465,-3.5953280837565305,5.046898367346119,0.476227212301221,-4.534927923888051,4.49335317478173,0.31285355424545136
2024-10-10,3968,-18.972644952194898,35.60275142128657,0.5941039967780695,-4.199084518208913,5.345786839765045,0.43216387386164956,-4.566959584226744,4.684176297811233,0.3295721529164801
2024-10-11,3972,-19.322261101690035,35.563884830440486,0.5869154736923232,-4.240601021068204,5.355778709702183,0.4284886878385862,-4.806499597950801,4.555082807579577,0.2913362513545622
2024-10-14,3976,-19.50194098829978,35.86913136559213,0.5866499612806166,-4.5274361191068175,5.5602859643360505,0.4155045001730304,-4.965053284132153,4.534848059101187,0.27357512139914464
2024-10-15,3980,-18.285828163068892,34.77909277000879,0.5990475302860514,-4.229294216957054,5.366893023769619,0.4306768141908186,-4.899086491085378,4.44544745213297,0.270441780565986
2024-10-16,3984,-17.27557776608949,33.95156596186152,0.6108713384602138,-3.8313735547034202,5.126268358172349,0.4548220766700023,-4.799966051504328,4.339321149221721,0.2686590110029897
2024-10-17,3988,-15.952399193020257,34.07168821942641,0.6396408424955033,-3.6410205182891797,5.007867792890795,0.46718918134853515,-4.967986065303624,4.254506335988749,0.24292789006234294
2024-10-18,3992,-14.776739381369428,34.92634010770921,0.6722347337671247,-4.155982637830477,5.2898020978648725,0.4320670663598757,-5.219623354506195,4.310699279490271,0.2259517305902372
2024-10-21,3996,-14.975757213852637,34.960960666559224,0.6683915384509979,-4.096812021720236,5.29916893249062,0.4394604629007436,-5.219421093245491,4.339203279757408,0.22903344183675212
2024-10-22,4000,-15.446587819037566,34.82169820261249,0.6573383991386034,-4.205064778647028,5.406782735801292,0.43672300678378395,-4.90980764751506,4.393841907822993,0.26381081701373044
2024-10-23,4004,-15.497362520444108,34.89528525647916,0.6569626967278226,-4.41964428419499,5.58761546187672,0.4289606539769055,-4.76668086163868,4.479697299623556,0.2873000886315067
2024-10-24,4008,-16.364456454752837,35.30194777462082,0.6429653415172036,-4.734545782966939,5.772402187440357,0.4120999781536371,-5.002950072674351,4.6491888132599755,0.2818865763667677
2024-10-25,4012,-16.369069855066147,35.35379939796481,0.6433590808142952,-4.66711036662447,5.697293528938509,0.4126835783980586,-4.9764528329985405,4.557685887059961,0.2748851969477154
2024-10-28,4016,-16.136520690890713,34.91211172085018,0.6439349733278964,-4.267623494538493,5.454012908214199,0.4339360381652212,-4.602151288273699,4.223472307003941,0.2758626862719614
2024-10-29,4020,-16.20803616528198,35.0303878868928,0.6435901481797517,-3.9997055174773863,5.303241295985514,0.4507290320952091,-4.322134034731986,3.9602743245001637,0.27510905850102063
2024-10-30,4024,-16.18192960857645,35.06124579845894,0.6444160946511809,-3.8852319043938923,5.223503861370796,0.45699866954095236,-4.2284318426682885,3.8792612245872107,0.2757089303783481
2024-10-31,4028,-17.816596149483654,35.085644907041946,0.6115914975253303,-4.241771517558853,5.538700438945352,0.4437700949821146,-4.24757439844513,3.6988578872441886,0.2508251161748961
2024-11-01,4032,-17.827352615713405,35.03932790121133,0.6109055721123418,-4.477231386622732,5.662573313700069,0.4291361183616078,-4.367437109519098,3.7021971600051673,0.2381243771069792
2024-11-04,4036,-18.51739669185134,34.84608068261507,0.5951378554724711,-4.962286212194281,6.06013729817076,0.4128773870696929,-4.404489156684488,3.671060873878262,0.2302222812593322
2024-11-05,4040,-18.535093178628404,34.84109723621208,0.5947333616381352,-5.3120977902259,6.2838265769284485,0.3979096791355816,-4.662111682406783,3.963967397268337,0.23954588393348653
2024-11-06,4044,-19.724697854658515,35.21096452323276,0.5753524109752353,-4.6209910815549,5.719288247942705,0.41911009142163624,-4.637085619246734,4.046973936987787,0.25187148460048836
2024-11-07,4048,-19.16614923233123,34.86028950214268,0.582457305147428,-4.359917926291423,5.595911334961913,0.43590571551888624,-4.547901133135916,4.031326135484684,0.2592607077240192
2024-11-08,4052,-21.976966526651594,37.35515982750222,0.5563143098116509,-4.567240580056186,5.720537903741693,0.42464214355431584,-4.865685731039242,4.339382647626761,0.26216646453761283
2024-11-11,4056,-16.158566761925673,33.843607581357155,0.6330430566276709,-3.5956320729676503,5.0333333785716805,0.4750021381489834,-3.8229329260534857,3.6877397920202935,0.29989426495295435
2024-11-12,4060,-14.700631857641296,32.0712000144798,0.6466831491277449,-3.515558155075766,4.962437901912342,0.4786759820149771,-3.3846686007290523,3.309000562362055,0.3063705737752067
2024-11-13,4064,-12.25001026557416,30.45667640868361,0.68752874767921,-3.030753564372332,4.634061138240479,0.5131010199191799,-2.388573857079009,2.5981218109397237,0.3579144307782187
2024-11-14,4068,-16.88217601557508,30.235480802196818,0.5766009982976728,-4.06474321435359,5.4944831127422145,0.45942968619887303,-1.6215765942950897,1.3421777179443048,0.22698252600639668
2024-11-15,4072,-19.937244443051746,31.262224150954697,0.5236414096079801,-5.11585348967674,6.327904123903396,0.41882617655254273,-1.351077499247449,0.8636674222400561,0.11773556792350597
2024-11-18,4076,-20.716800492460575,32.13070475985159,0.5190785457221797,-5.669228188125831,6.486574386987094,0.38212142946009786,-1.2265160113431952,0.8491865679175505,0.14864273556955135
2024-11-19,4080,-19.212469387498032,33.32591206964289,0.5642756258752744,-1.2055118317013453,3.5048068243903625,0.7308766950264051,-0.387867507999514,1.0710930295741221,0.7172600562741493
2024-11-20,4084,-18.54926800685909,32.64003861357376,0.5698326505016185,-1.1529858281434402,3.455127396237378,0.7386038055523574,-0.4348294700026957,1.1051037012106513,0.6939694928957876
2024-11-21,4088,-18.53311124852089,32.68397135595022,0.5706871692427433,-0.8615931391706436,3.386009189726722,0.7991426571651534,-0.8930395197114803,1.4446527457812517,0.5364639531445603
2024-11-22,4092,-18.88060403124825,33.032596795641275,0.5676099872317979,0.1320698109619127,2.9421997319201516,0.9641964871611008,-0.8758552043644036,1.4820927020736423,0.5545482617985691
2024-11-25,4096,-19.99674005950396,32.49394520511225,0.5382912785922935,-1.3253527027964809,4.0844117909472715,0.7455667359224074,-1.2899449765753757,1.165826964217816,0.2685259563781489
2024-11-26,4100,-20.35880314517244,32.858920616988414,0.535532872249278,-2.038254847268684,4.2914416876848085,0.6348168621700012,-1.5211639659684377,1.3581077332291744,0.2626876241550865
2024-11-27,4104,-20.41415583720014,32.982833587311404,0.5359606636420366,-2.321118065479096,4.406148115821166,0.5983389079344079,-1.6769102759712962,1.493872872929566,0.2616391050638661
2024-11-29,4108,-20.031283014384975,32.55452607436712,0.5383468187968027,-1.593396779452676,4.091325777172065,0.6969378757453102,-1.3915970510439837,1.2872178580610438,0.2796575315119728
2024-12-02,4112,-20.914683899175476,33.24115264491134,0.5292309160522528,-1.7593774989334339,4.0208541256430435,0.6617030065493281,-1.578508883521792,1.561290825221058,0.3120029848086846
2024-12-03,4116,-20.850088039798706,32.992832662503766,0.5274142528579159,-3.078169503343844,5.223594702368958,0.5556722241720943,-2.0269877278150426,1.2412148454756704,0.10245478352716149
2024-12-04,4120,-21.55013232967527,33.64404300755531,0.5218259000830807,-2.5648208962898287,5.107764126139459,0.615567913198185,-1.8290924709301182,1.0700293978217739,0.08737961110475033
2024-12-05,4124,-21.47611952950933,33.515781053118964,0.5216680068534398,-2.411138220653984,4.985971413597395,0.6286808160037141,-1.8732672767793996,1.1917440654864488,0.1159805996186411
2024-12-06,4128,-21.136471822030323,33.22144003917046,0.5246266198441836,-2.2238054859707814,4.757234980235861,0.6401725447546894,-1.9413279553005238,1.428629299714837,0.1741863539000834
2024-12-09,4132,-22.208481113276132,34.07093852237559,0.5145104436839709,-3.18769566924455,5.179211866131128,0.5382384936474129,-2.7902875089929062,1.9608395673388475,0.15473426222335082
2024-12-10,4136,-22.268976926233822,34.1443158874649,0.5142711378751866,-3.2483904023347954,5.155194434151221,0.5286161659594774,-2.8758348919760586,2.0492524093399567,0.16051009187670662
2024-12-11,4140,-21.936768002626277,33.82525209523916,0.5166407369635909,-2.8486253833190474,4.93008862757993,0.563396392240104,-2.0941333048359403,1.7916202056291834,0.24246451502589383
2024-12-12,4144,-21.795242280829264,33.626626217789585,0.5168851584052464,-3.041472504621905,4.972226817456112,0.5407414043585947,-2.069431786522561,1.8320362474030527,0.2586531774084466
2024-12-13,4148,-21.70660945118695,33.66349274351404,0.5190493061970733,-2.698978135722903,4.814503948643422,0.575074893756175,-1.653795419028998,1.765479868896003,0.34889237165233455
2024-12-16,4152,-21.160025378551854,33.207225756172036,0.5239871027394787,-1.1359476185823136,4.35455239573461,0.794197093253135,-0.9822979414729718,1.6220413906363607,0.5447846301698027
2024-12-17,4156,-21.480519899828494,33.349987151129156,0.5195146116054816,-1.6711801454945727,4.458902786038566,0.7078119863504373,-1.2527905647161337,1.6676039194191972,0.45250108829604474
2024-12-18,4160,-21.297021628860165,33.627450919428526,0.5265230563983824,-2.6250095336247754,4.629899210945303,0.5707352128904616,-1.4713155315093946,1.8051249429023655,0.4150283285296654
2024-12-19,4164,-21.347993744352546,33.53262090261036,0.5243635224916721,-4.159758593916746,5.3341973033714725,0.4354918823908642,-2.7924788375883964,2.1918061267438995,0.20264436418553522
2024-12-20,4168,-22.40959707974878,34.25517064834099,0.5129855108004172,-3.575356861527223,5.290227345883184,0.4991410816897428,-2.8340440111972156,1.6360468881913568,0.08322886550902946
2024-12-23,4172,-22.870605824604638,35.012939771028854,0.5136245230489219,-3.149565690125787,5.187200881279767,0.5437313280400224,-2.7507597520261586,1.3893347362706765,0.04771347960583907
2024-12-24,4176,-21.831913849625668,35.24794636436661,0.5356652905549122,-3.195218357394026,5.292920265232888,0.5460578895527115,-3.1463248758661773,1.4582684050862125,0.030960814283482435
2024-12-26,4180,-23.273780066862926,34.729818640474484,0.5027696601441813,-2.457932994053298,4.634363849171385,0.5958546082231,-2.0952211385407438,1.545736445339549,0.17526337842846873
2024-12-27,4184,-23.55511606276654,35.61278005317861,0.5083410035893263,-3.3741191195969495,5.129714962005396,0.5106926359330145,-3.2232146722433077,1.8338703465523092,0.0788152079358381
2024-12-30,4188,-24.53230217169533,36.26279287813086,0.4987140959428068,-3.621812716448104,5.271607321743837,0.4920566111124103,-3.918098000769455,2.2692445841121245,0.08423791810447331
2024-12-31,4192,-24.23532279449724,36.016599302176516,0.5010152732805351,-3.590314055934314,5.236234883291241,0.4929230496286594,-4.072657600642535,2.3338615225743,0.08097970461504009
2025-01-02,4196,-24.20381113197705,36.184356981625164,0.5035575997940906,-3.7172625989776225,5.352067778973256,0.4873392390761415,-4.505492815530167,2.6356789303532753,0.08737243873924212
2025-01-03,4200,-25.240475327450724,36.54131590247261,0.4897302067557442,-3.5535802094052062,5.181773429325733,0.4928489743407496,-3.1297106297861434,2.848706626391636,0.2719239617354152
2025-01-06,4204,-24.767812794020983,36.68521619450884,0.49958412207132863,-3.5739262339364375,5.244942517957918,0.49561572099265594,-1.9706372820157247,3.2610770851215976,0.5456506476980822
2025-01-07,4208,-27.153702395598643,36.76175405363049,0.46012562201426155,-3.801139667472299,5.325725093371681,0.47539300264225703,-3.9413201311805635,2.9633209642570564,0.18350679176754336
2025-01-08,4212,-27.403065185383394,36.373619592867634,0.45122312278433196,-3.7429623076936043,5.3896988943659485,0.48739005368551047,-4.857493263764785,2.5839905148041558,0.06012964791367149
2025-01-10,4216,-27.733809361414615,36.540087072320475,0.4478544677229691,-3.5009834949408463,5.291912922607276,0.5082453052625278,-4.988670420368555,2.7351491851300485,0.06816543250209738
2025-01-13,4220,-27.27928041979906,36.5337525234565,0.45525247990742346,-3.44400099225367,5.237467406805908,0.5108145323217155,-5.152432165497941,2.6155824921388224,0.04884999836187741
2025-01-14,4224,-27.593133264552343,36.62315214514073,0.4511890718466771,-3.4078356487259795,5.243528570775846,0.5157486341722188,-5.000454958798701,2.5562324376864356,0.050443760704411006
2025-01-15,4225,-28.731178227055416,36.19485368542098,0.427316644427168,-3.066352309124513,5.105296645086286,0.5480919344569348,-4.44415895991909,2.597183795012945,0.08705428522433736
2025-01-16,4226,-28.21631828155053,36.33239370305966,0.4373853586722629,-3.2943911386640132,5.288487463126213,0.5333263421029912,-3.6613939451960102,2.6473185299474795,0.16664721289400986
2025-01-17,4227,-25.6957370687045,34.93247233476918,0.46198443699528,-4.115927567534745,5.785068396157519,0.4767903625232264,-3.6714081787211414,3.2353017533772617,0.25646071320136976
2025-01-21,4228,-27.095652961760276,36.48105139945356,0.4576438075943765,-3.897366499173071,5.688838905765849,0.4932871464159341,-2.803995176423772,2.4954721357269447,0.2611686936666846
2025-01-22,4229,-26.706065968705193,36.115011901176004,0.4596200008723126,-3.8890414696957203,5.673459030574885,0.49304121335535644,-2.969409114503261,2.532040383363516,0.2409026084262289
2025-01-23,4230,-27.569506051628156,36.78078919001729,0.453518148975558,-3.8575730322410915,5.648431560254905,0.4946410445860273,-2.901735763855437,2.4997458045077936,0.24571822565264145
2025-01-24,4231,-25.956003966847547,36.151325033874905,0.47276832891725773,-3.779348141724964,5.618496779341149,0.5011624770468204,-1.568513970523949,2.330237125712994,0.5008751124375178
2025-01-27,4232,-26.082677187979662,36.09250865924557,0.4698876914366926,-3.8244420406613044,5.630996495604589,0.49702586108236113,-1.8976036464867065,2.3301838278365317,0.41543993990202144
2025-01-28,4233,-25.916276760898548,36.05988033509147,0.4723250866455886,-3.900402893337215,5.6868428190692395,0.49279863728578566,-1.8602715071585487,2.16526438622658,0.39026168571939435
2025-01-29,4234,-25.851185392159188,35.990347053763365,0.4725839929001612,-3.70156262775934,5.644671254209783,0.5119770741432426,-1.8059951933024485,2.1447713963992467,0.3997624619259684
2025-01-30,4235,-25.80822742726574,36.03741764194029,0.4738982054980304,-3.409357208837772,5.555644685075429,0.5394304738398412,-1.5240579869648065,1.9204755126693998,0.42743784784198324
2025-01-31,4236,-26.700388947295252,36.82948698369897,0.4684685066528482,-4.130318066775277,5.804337297218566,0.4767176671970226,-1.4950969086920485,2.080986486848105,0.47247626287457456
2025-02-03,4237,-26.570061290531186,36.98498297329801,0.47250986145252016,-4.349066540045546,6.000593403678507,0.46859146013745745,-1.6080289810044661,1.918887685002197,0.4020303812607854
2025-02-04,4238,-26.614275173620264,36.959148731437615,0.471463557918406,-4.257809188236436,5.946232924316917,0.47395953057521933,-1.3945430198867894,2.089869055832319,0.5045886552317151
2025-02-05,4239,-26.700468801867526,37.04740288381051,0.4710873759890195,-4.297144865937565,5.995269861942507,0.4735247456285778,-1.218811049352788,1.9646505157063026,0.5350139477370955
2025-02-06,4240,-27.870560896777313,38.053336760391126,0.4639196955703322,-5.236325575558384,6.358843593032587,0.41023999790251897,-0.9294242688019931,1.8441892854275093,0.6142793361273822
2025-02-07,4241,-26.582125019300687,36.423474410247465,0.4655078557520874,-4.4121250199789985,5.972402606756906,0.4600575375237085,-0.9571903971135188,2.012976292555481,0.6344234930557275
2025-02-10,4242,-25.847312187732836,35.63598676853647,0.46825886675737505,-3.653048506528914,5.526824417312117,0.5086334824070198,-1.078743008729276,2.102313200718788,0.607866031592891
2025-02-11,4243,-25.23469065187535,35.01513420333073,0.4711067062279021,-3.33953463303495,5.403710345179733,0.5365702591162305,-1.1012293685859276,2.1221722193850443,0.6038192378045892
2025-02-12,4244,-25.49114352352579,36.1194064348218,0.4803458177473844,-3.6245648759305014,5.672849680033696,0.5228672058191175,-1.0188922106104907,2.287210543541963,0.6559774406721537
2025-02-13,4245,-25.63503949394497,36.30214877355646,0.4800901134763471,-3.7373083563672855,5.775499586379412,0.5175691779378824,-0.8788326505939192,2.280802553183306,0.7000023557488955
2025-02-14,4246,-26.582590023375044,37.33783850152313,0.4764971333345043,-2.5622230087591404,5.455204698361328,0.6385807162189887,-1.0777066239966737,2.450939115542881,0.66014592194863
2025-02-18,4247,-24.336077441973472,35.777873660426145,0.49637840253082455,-2.770141083800173,5.733143721631373,0.628967848084453,-0.7219899458523701,2.2426032501682482,0.7474960362155967
2025-02-19,4248,-23.586837523668258,35.406248762359354,0.5052978108235244,-2.5420148486204712,5.661311779046047,0.6534207162111283,-0.6124818313466154,2.1993724302887596,0.7806437074347043
2025-02-20,4249,-24.51658320291335,36.03345715136616,0.4962614284889584,-1.9109277083324245,5.18503760101907,0.7124657435767714,-0.6605696783596187,2.290494226709623,0.7730435272273852
2025-02-21,4250,-24.59004380798114,36.20157008286132,0.49697724314948644,-1.7065261789550845,5.099548168224774,0.7378946877694064,-0.8214366106426098,2.432088348736807,0.7355519728891058
2025-02-24,4251,-24.22502289599181,35.95778668811947,0.5004974285022663,-0.6252997863791248,4.698527372442624,0.8941267855404365,-0.8001727676296273,2.4863273652509834,0.7475820854849453
2025-02-25,4252,-25.857578682070578,38.31125178766444,0.4997174944903754,0.9509256957538516,3.9066363879752894,0.8076855508731382,-0.27199667814991285,2.465808225756609,0.9121656582406276
2025-02-26,4253,-25.32330527504464,38.51628323851502,0.5108786790580957,1.1238796039818257,3.6928072820639537,0.7608666799200827,-0.2849521828171563,2.6208309575027413,0.9134199049951237
2025-02-27,4254,-23.396600275194377,36.944764038443786,0.5265469216269961,0.5046362350580962,3.8811347818923005,0.8965483424540309,-0.4012819893605386,2.6953886503138924,0.8816505107402884
2025-02-28,4255,-27.061555338646205,35.359958125839434,0.4440831693684033,-0.05660873749144764,4.490052351671395,0.9899408653671108,-0.6641787718999327,2.4513321983923486,0.7864325278474421
2025-03-03,4256,-27.51379249531989,34.90977992694711,0.4306148446203679,-0.7536152494995749,4.872363410126567,0.8770803814198472,-0.8048855460868295,2.4265719698272497,0.740118407479851
2025-03-04,4257,-27.626114351118357,34.56186048365066,0.42410273742664784,-1.1317709511273832,4.841266315803458,0.8151590306089536,-1.0408111121098362,2.7509510093190817,0.7051736311325267
2025-03-05,4258,-27.253223032781047,33.97248169453764,0.42242879456064786,-0.9240241280379762,4.529135845288616,0.8383396240878908,-1.057624144791997,2.738969274449577,0.6993933793417317
2025-03-06,4259,-27.090619979926675,33.70360742828635,0.42151831116383454,-0.3401292436994672,4.275042547472753,0.9365859336674652,-0.9481234268670484,2.7354773145366633,0.7288899260242696
2025-03-07,4260,-27.280928876969142,32.93929061165294,0.4075467855281403,1.8208332692126112,3.113073436517252,0.5586156895156187,-0.38422333779226503,3.093600249200891,0.9011573862864437
2025-03-10,4261,-29.125309598576923,35.03671338739845,0.40581562350909395,1.0625653906581998,3.7225096802985793,0.7753045497924606,-0.3797778208198374,3.620813683988926,0.9164651379572599
2025-03-11,4262,-29.450199586852385,35.19300630703107,0.40269394453463325,0.7430386068226458,3.9192582866761154,0.8496331376636088,-0.3366569552571727,3.588361605765623,0.9252528370989967
2025-03-12,4263,-29.069298989726917,34.25225483600226,0.3960578284829306,0.8228950368594479,3.726353883933015,0.8252239032049963,-0.42468366179891354,3.307895857667611,0.897844432254096
2025-03-13,4264,-27.67012450232358,33.76001502573988,0.41243714363267303,1.4133032204766096,3.562782176455399,0.6915995614739567,-0.04263361584907192,3.369249994222849,0.9899040450661126
2025-03-14,4265,-28.861522621088245,33.55601291306721,0.3897339883317408,0.9316846882895892,3.8253700365146406,0.8075761540352573,-0.33749557431564897,3.095709072540367,0.9131862758530097
2025-03-17,4266,-23.57454910859438,28.405448161298107,0.4065780531794573,1.027471329051368,3.8770681274305856,0.7909998697619025,-1.2637739845172669,3.3021114304324235,0.7019296522217262
2025-03-18,4267,-24.47040667812862,29.096247248646527,0.4003390248813541,2.7911912908989476,3.408161409333259,0.4128019661586988,-1.1166035501158795,3.2127373730043316,0.7281742632729382
2025-03-19,4268,-24.263669939348425,28.813040389469094,0.3997279286650004,1.277687746899372,3.6049865527408027,0.723022399588569,-1.3657714096860776,3.449030323144093,0.6921145673816098
2025-03-20,4269,-24.099271383508846,28.693500682793342,0.40097227144451675,1.9468384881242744,3.3768839396551944,0.5642642838395258,-1.5830475306318135,3.5690433176744896,0.6573682929307283
2025-03-21,4270,-22.88241024071566,27.665786947391645,0.40817960871447545,0.42873567185088696,3.8722390747045474,0.9118381069589674,-0.8641084547130349,3.0753925682855154,0.7787295678912635
2025-03-24,4271,-21.939442350618243,27.02391406028925,0.4168760572176441,-0.2378222670526588,4.196581445878821,0.954807693145866,-0.5169310030786965,3.0457965294319855,0.8652307535246411
2025-03-25,4272,-21.77258871692688,26.942604629885885,0.41902725096699933,-0.35709799071638315,4.2171854642317665,0.9325182990407549,-0.5855547264246898,3.1432269624591767,0.8522166067102301
2025-03-26,4273,-24.307911522092738,29.03166956604537,0.4024298709527534,0.7375876876326505,3.680362437053477,0.8411586108934272,-0.4555514757476793,3.015358932543483,0.8799149509083075
2025-03-27,4274,-24.204121657886123,28.985666001927424,0.4036965250845568,0.6302826570281534,3.7612952589642217,0.8669210697527209,-0.19944199564832224,2.8498037995186576,0.9442060240648636
2025-03-28,4275,-24.18817648702933,28.82507729583095,0.4013926766728507,0.7286843266105669,3.653035779622478,0.8418922649621987,-0.20019756032868924,2.928138914515194,0.9454909114218398
2025-03-31,4276,-24.653821892673083,29.1120498381376,0.3970733255407588,0.5085250045605856,3.780178618827348,0.8929881807608512,-0.2874307186597361,3.1615585712036727,0.9275607291511226
2025-04-01,4277,-24.276561190889367,28.639067886178264,0.3966201732199861,0.4967648101733261,3.787179865844515,0.8956407381853596,0.011764935920540525,2.973731514097984,0.9968433477611038
2025-04-02,4278,-23.78245001082208,27.498508625285925,0.38711384103129753,0.3934487610780907,3.825384051649692,0.9180803592152581,-0.424016192086885,3.0368231566955775,0.8889563497132738
2025-04-03,4279,-23.397382922322755,27.262666245765438,0.3907706400204356,0.6881403278386409,3.761864582029708,0.8548566061414118,-0.2457596096385124,3.0677707393501654,0.9361496409478998
2025-04-04,4280,-23.143134913012368,27.12341377405069,0.39351900272145723,1.0474459258861852,3.5981893952838804,0.7709720783209072,-0.769140436792252,3.5782933222892317,0.8298092893640621
2025-04-07,4281,-24.434099840849303,28.19138740485414,0.38609426731017493,0.39974075561965766,3.9642407681831253,0.9196801332592516,-0.7436891252123499,3.5944365121617667,0.836087910704993
2025-04-08,4282,-24.55712179850545,28.762391850179785,0.39321982910175723,0.2409638397560325,4.068703573731444,0.9527739015953546,-0.6105374770543521,3.7179551022626662,0.86956327359898
2025-04-09,4283,-25.92300870302593,30.004323825781547,0.3876012026012725,0.01669524400371554,4.168316087787775,0.9968042630326291,-0.8294542876402314,3.901042453614851,0.8316204427338415
2025-04-10,4284,-25.563440330694135,29.736749888680297,0.3899774930722336,0.12082910370226317,4.1083518721573045,0.9765371169185272,-0.5821827809230186,3.7805734857353133,0.8776150613693612
2025-04-11,4285,-25.590526479336976,29.72668069494092,0.38931485544056643,0.11705109176726916,4.132823570178802,0.9774050905111801,-0.6424844644024647,3.7626962289139807,0.8644194924419881
2025-04-14,4286,-24.767668140604385,28.959715213267078,0.39241521331951357,-0.410556647942539,4.4927836652694095,0.9271895782765578,-0.904037663107632,3.9508051697776065,0.8190059836455295
2025-04-15,4287,-24.613207057257426,28.90932768293584,0.39455092845744855,-0.46841635096039413,4.526945841773838,0.9175876327508851,-1.0010763961977682,3.9067500921419867,0.7977633987404854
2025-04-16,4288,-26.23479448929731,29.301388234959276,0.37060373071335717,0.18977586924628193,4.243048321608321,0.9643254670896428,-0.14313887432723568,4.28485188991226,0.973350990272019
2025-04-17,4289,-26.440068403949127,29.34929896379995,0.3676544460609913,0.2836686920973654,4.157021585187948,0.9455958229655298,0.022542283080119567,4.154645336217341,0.9956708575751344
2025-04-21,4290,-26.157852410169465,29.357190628790782,0.37291828699848784,0.8257075976259746,3.922278205424513,0.8332639149276775,0.12090536868901262,3.198051538255752,0.9698424023119792
2025-04-22,4291,-25.442187247000337,29.547344212011403,0.38920218294725695,0.47334562152740556,4.103447984125766,0.9081652175381678,-1.384355054498614,2.3049513069601804,0.5481060623578926
2025-04-23,4292,-24.6351539317905,29.64927296920124,0.40603825978079633,-0.011377505731070745,4.329611223972908,0.9979032931028455,-2.051710179589872,2.0818022379748053,0.32435634613596287
2025-04-24,4293,-23.678937209139413,29.742037988842984,0.4259484963414133,-0.0646730884467601,4.398675030247043,0.9882692403234019,-2.3246758314824545,1.8571598262466547,0.21066568127851892
2025-04-25,4294,-24.909751174020116,31.012057837849095,0.42184300215333237,0.25680442703691025,4.2569833964189705,0.9518964349291691,-2.22362177398703,1.6652199048796041,0.18176764136735468
2025-04-28,4295,-27.24128726738867,30.545833576905725,0.37249114042667275,0.4024328083928247,4.1479611971719335,0.92271096866052,-1.2581342092834125,2.2505266770337453,0.5761344895565669
2025-04-29,4296,-27.285878364157455,30.530880827730915,0.3714748848745397,0.3774246418571956,4.15812931095552,0.9276770213352075,-1.1975677097664914,2.2892738489291293,0.6008899052507553
2025-04-30,4297,-29.049595966715042,31.698092782416534,0.35943292481640965,0.006879534582639598,4.448321515277414,0.9987660351838297,-0.3341896936127296,2.5228777069502972,0.8946175401008937
2025-05-01,4298,-28.448377733825808,31.219772516269913,0.36217446308171597,-0.19607648814037687,4.609743742783998,0.9660720315137205,-0.3172584565934342,3.0462057675501306,0.9170513215563934
2025-05-02,4299,-28.455676359477277,31.201006269043145,0.36176266666571655,-0.17546703234917452,4.594064626115211,0.9695327742350072,-0.42416411288131484,3.125875010792999,0.892062779118239
2025-05-05,4300,-28.455635295674224,31.15543217710183,0.361061508774284,0.00238469791275177,4.544109647467587,0.9995812791268168,-0.6102785135096737,3.249897400653979,0.8510460318512539
2025-05-06,4301,-28.49883256314158,31.245126348958784,0.36171350388600887,-0.7414194469118012,4.809663692424938,0.8774898603921769,-0.1556735173184121,3.0001144815055234,0.9586169859533434
2025-05-07,4302,-28.788805636203033,31.335732085906333,0.35824134716925204,-0.1450710822824067,4.4052031629168455,0.9737290077042416,-0.6100811290462493,2.92260292737449,0.8346466729689054
2025-05-08,4303,-28.883282433557977,31.418908688508946,0.357940680402262,0.5413699430304233,4.061992133817605,0.8939743522022806,-1.0679705871306606,3.1202552792245264,0.732147514202634
2025-05-09,4304,-28.803661520204102,31.366139687898578,0.35845956720525207,0.6486446518863579,4.0070424556734485,0.8714033755370197,-0.9623571636728303,3.022015288864187,0.7501445209254611
2025-05-12,4305,-29.093049576406163,31.571562035887773,0.3567918353154452,1.157994593985478,3.7772474486818854,0.7591699166150372,-1.2212288150914712,3.2285716645437215,0.7052399194830767
2025-05-13,4306,-28.909140011833404,31.29791307542727,0.3556548839614413,1.351986329297938,3.6811325333484355,0.7134142287538736,-1.3953897839804152,3.396288026331487,0.6811771623199545
2025-05-14,4307,-31.981606557461998,34.104791475163125,0.3483753382396675,1.1852968291040469,3.749522756122999,0.7519118932511185,-0.5167158689895176,2.6428029352262086,0.8449873514610344
2025-05-15,4308,-32.39849815657661,33.58527600835358,0.3347132595842711,0.9124086911705904,4.087837166641569,0.8233791978652089,-0.45854043682674867,3.039422711189272,0.8800827477537779
2025-05-16,4309,-32.236367464722306,33.49528053762218,0.3358410761710249,1.4627444942464218,3.754591580534215,0.6968410951176667,-0.7775547935300052,3.0053903845879253,0.7958512374541649
2025-05-19,4310,-31.692038408472115,32.96986005056695,0.33643013417350587,2.584400863146378,2.9679421957691985,0.3838786746286986,-1.3253955433761002,2.847592773344829,0.6416133870120488
2025-05-20,4311,-32.154726292900875,33.43899318776485,0.33625372069868475,1.7782448550456669,3.2256791057662557,0.5814433448934371,-0.8804731622356903,2.5429452118453324,0.7291612294598937
2025-05-21,4312,-32.06104353365087,33.34141875255152,0.33625154724190287,1.6675209513091303,3.2110022009873482,0.6035412374346134,-0.7612434792379444,2.4417838241952694,0.7552251184212524
2025-05-22,4313,-32.365171731215426,33.61951891010077,0.33570316031562364,2.205332828732954,2.9227427168780915,0.45052369326079067,-0.899756507134767,2.558592946767438,0.7250927603896224
2025-05-23,4314,-32.92407243705971,33.57096904307089,0.3267256710814126,1.9678681665451332,3.070692632929072,0.5216170136888785,-0.9875354448027754,2.5218950928214485,0.695365120480189
2025-05-27,4315,-33.2097369571162,33.79510188556105,0.3257654489438542,1.8659517851189462,3.1125116706714553,0.5488392876371391,-0.8892341197971869,2.378388551034967,0.7084929060105378
2025-05-28,4316,-33.54429287491209,33.793614832150595,0.320894093615685,1.7304868852234705,3.186257265034951,0.5870543483345531,-0.9358479346531802,2.3558698847898367,0.6911898051045201
2025-05-29,4317,-33.29561275850816,33.70367567031124,0.3232052358622467,1.2077624275069467,3.4877911967392285,0.7291301233039102,-0.9996225484280878,2.3391437913626527,0.6691277045538182
2025-05-30,4318,-32.94031902625631,33.776396147716916,0.32943790010584295,0.6142458980516103,3.909417734832379,0.875150641802859,-1.0042385626118189,2.2941147504318185,0.6615707335677257
2025-06-02,4319,-32.68985156672166,34.045718595354515,0.3369670919125226,0.5897552777852363,4.034621998320141,0.8837843349460331,-1.1552138214569312,2.4341521427551895,0.6350822940681327
2025-06-03,4320,-33.43574694721663,34.08692444201515,0.32664375374177246,0.7301583706321878,3.7667498214467026,0.8462987571566317,-0.9410593197843821,2.3008044941302153,0.6825300025387706
2025-06-04,4321,-33.46019982901428,34.21221742849735,0.3280649103784117,1.1420709932279687,3.6763351852310353,0.7560630994020722,-0.9915061305270121,2.3733925789994723,0.6761233241070683
2025-06-05,4322,-33.24930786067607,34.10178375978703,0.32955926074012043,0.9453331947266136,3.9286221248076845,0.8098440959555586,-1.1206565662688857,2.2644938300362223,0.6206836259495425
2025-06-06,4323,-33.22813221788672,33.89393867532723,0.3269103325251379,0.6116524256761054,3.9285434189386788,0.8762738683145417,-1.2401185354172386,2.398780232205081,0.6051709552224951
2025-06-09,4324,-32.32033276610527,32.86517435111127,0.3253998277686563,1.017716427025814,3.8673730472292163,0.7924315373996262,-1.0216171056680508,2.2254780048568903,0.6461945736516566
2025-06-10,4325,-32.69629861360001,32.974392785823795,0.3214091063101002,0.8980474144034197,3.8669781903943337,0.8163555480421745,-1.0048375959166689,2.2785713258312277,0.6592169236445546
2025-06-11,4326,-29.746725603276868,30.745319074080133,0.33328391254428114,1.7035882694324644,3.8846482629033896,0.6609921529223881,-0.4095938156928132,1.8251970328892946,0.8224377149497364
2025-06-12,4327,-32.78754410412879,33.65440018348012,0.3299361893662893,1.4579998557187932,3.8706501589871714,0.7064107836140742,-1.1412058543341204,2.4678048056367357,0.6437675052012173
2025-06-13,4328,-33.807535008972195,34.79599015240412,0.3312531442923773,1.4679636371033122,3.8928818852530367,0.7061073319709759,-1.4126044212056463,2.7689130104561666,0.6099353857940972
2025-06-16,4329,-33.602600327972134,34.64161705723221,0.33204315703966625,1.7328693243649582,3.9070472559128118,0.6573867456953302,-1.378591502376938,2.7406366861960834,0.6149511249482762
2025-06-17,4330,-33.67690835733949,34.79233873032826,0.3330741635466886,1.3958575950822822,4.063685263486463,0.7312257267868671,-1.699521766230262,2.574739345376451,0.5092055282908434
2025-06-18,4331,-33.47701909879999,34.485970192063064,0.3316762019936216,2.0347396108737708,4.1252330837657265,0.621841365900804,-1.4892014235144353,2.3816216947670608,0.5317815151192713
2025-06-20,4332,-34.157609370597434,34.995820991554496,0.3290405610174747,1.5127688240922477,4.092231049461819,0.711629521397458,-1.6335864872170154,2.493014063146875,0.5122967309207971
2025-06-23,4333,-34.913699514854734,35.65366469435882,0.32745856988103217,1.2223790029737176,4.102965422626646,0.7657598431087855,-1.7297323000592504,2.5988908361670577,0.5056888098122575
2025-06-24,4334,-31.512770588920116,32.44739174187033,0.33145078484353496,2.3792433245182028,4.326061000632705,0.5823336787708879,-1.0403412193809425,2.119239216146251,0.623494944833059
2025-06-25,4335,-32.10730697457567,32.7388618484249,0.32673610602898173,2.124011187463663,4.324998923216121,0.6233550320508978,-0.9618589280384056,2.2582106651885323,0.6701526391711088
2025-06-26,4336,-31.414702379862533,32.11099112807398,0.3279179667911777,2.4782884791372903,4.4226689684076295,0.5752336479706387,-0.6599939634181983,2.0054749264788,0.7420830570626843
2025-06-27,4337,-30.962786807384646,32.14789220372181,0.3354793634450428,2.503948812293214,4.70876616610249,0.5948899769517269,-0.22108173069490045,2.114233687491423,0.9167184041583005
2025-06-30,4338,-30.819720294609375,32.060696516864816,0.33640491112568416,2.7261895956620212,4.769238568883926,0.5675798059715566,-0.1549764704783065,2.0311366928728227,0.9391801356807687
2025-07-01,4339,-31.068529287393197,32.22062308706752,0.33492381481044753,2.0780309641987893,4.532314078237805,0.646598815716692,-0.4031844862400695,2.205149091442325,0.8549253319245952
2025-07-02,4340,-30.911489172000287,32.046815067504575,0.3347587811906446,1.6831591824907701,4.462270578727845,0.7060265256443519,-0.29614929286044955,2.370557339509937,0.9005804491801811
2025-07-03,4341,-30.72769844245675,31.917612814545357,0.3356884623756521,1.9878577292240323,4.536893827265258,0.6612747233768754,0.16975404429499874,2.2989629909558937,0.9411381771521966
2025-07-07,4342,-30.691892291981052,31.790351406413528,0.3343210819494329,2.219312224987436,4.620686010191175,0.6310145913555167,0.27810213237565595,2.2024388397879138,0.8995181379682068
2025-07-08,4343,-30.854228613857575,31.94202873658678,0.3340719277283726,2.2197199687128406,4.620659812039905,0.6309499187438306,0.2931880123354461,2.2238108219488653,0.8951105649955128
2025-07-09,4344,-31.12437812794459,32.329442773708664,0.3356853091956228,2.344373473813098,4.601734673004986,0.6104338300559702,0.426379332944961,2.3228409449118286,0.8543591014859474
2025-07-10,4345,-28.880462202204793,31.583439588547275,0.360497304700648,2.551240072486919,5.119150288147772,0.618222019056605,1.8683965725128535,2.497901871594525,0.4544683743181763
2025-07-11,4346,-29.285304960568794,32.03367827726951,0.36060985715457095,2.122763702159574,4.99804392039293,0.6710416063297178,1.5066683169951494,2.7770091552384897,0.5874391768033929
2025-07-14,4347,-29.88671505069956,31.868221435060253,0.34833595947435714,2.330072791834372,5.03988990673424,0.6438474646431085,1.5061144166020273,2.487593001413561,0.5448797078716009
2025-07-15,4348,-30.38325001663726,32.311172659221455,0.3470469664393486,2.186320431574487,4.996125307258303,0.6616739497197055,1.263344255829477,2.6519512984903244,0.633801613381952
2025-07-16,4349,-30.479018260047585,32.32776673477519,0.3457768851473513,2.676984957213599,5.1274128462531685,0.601605769873149,1.8710611614762442,2.3657796137465104,0.42901071957087056
2025-07-17,4350,-30.802679414412907,32.90390996227698,0.34920090490867195,2.4714406819096744,5.048631702989002,0.6244687632465635,1.6324953544575207,2.636284882637255,0.5357576888238404
2025-07-18,4351,-30.223773393272946,32.512639723271526,0.3525778529700755,2.154845464160806,5.065213979819345,0.6705302219966839,1.4728690883195144,2.7709258703955846,0.5950418423143644
2025-07-21,4352,-30.233292995556386,32.62533437931495,0.35409193840728914,2.1070224514871856,5.379926577286373,0.6953203814307914,1.685488505305464,2.6174016005202825,0.5196046998089534
2025-07-22,4353,-30.414718256577956,32.72225785941286,0.35263984678115734,2.069946222352823,5.5305472176251635,0.7081996406867223,1.718851215564658,2.574236309364118,0.5043167687743288
2025-07-23,4354,-30.012077011582395,32.34020280972187,0.3534016541784032,2.176002010268537,5.591603070576721,0.6971612624268331,2.0633361330781304,2.3524677021150433,0.38043539258707515
2025-07-24,4355,-29.97965399563472,32.489892604942355,0.35614383041138664,1.9681866769875598,5.527657479026984,0.7217944188820611,1.5024037099837224,2.744719824351915,0.5841179498255897
2025-07-25,4356,-30.09032339161174,32.573848595086055,0.35561280396096173,2.106469356279392,5.492215266985865,0.7013214272000469,1.4969272147183665,2.7516796424741043,0.586438099457975
2025-07-28,4357,-30.433416143911792,32.66872359706845,0.3515554174152984,2.5707896656458757,5.676793673354366,0.6506499510628481,2.3011440637756557,2.345971180906864,0.326646066003916
2025-07-29,4358,-30.425196246135986,32.64328257549531,0.3513102947711708,2.443178108822068,5.694512995731935,0.667893571824731,2.1881339783307716,2.35227910878378,0.35225786963873407
2025-07-30,4359,-30.08955449094604,32.419862660167134,0.3533448213162814,2.08357016473423,5.637364231843977,0.7116805055435778,1.9813979970635094,2.472190609913537,0.4228569389388681
2025-07-31,4360,-31.927558311629607,34.133072018862585,0.34959000373729476,5.194417718547569,7.280260018537916,0.4755404749284544,5.2144268426130065,2.0953571343638018,0.012826075055066543
2025-08-01,4361,-30.511366369577043,33.736193223948504,0.365777788460271,2.9086769669992076,7.028934614736534,0.6790097655949061,2.038792264188378,2.1058332347138773,0.33296239120004356
2025-08-04,4362,-27.69979436707199,30.948956698290647,0.37077882969881726,1.9336484332749748,6.677728549763102,0.7721476752382701,0.36971409751489975,3.326075676128955,0.9114924444539103
2025-08-05,4363,-27.251095301757502,30.33545295997516,0.36901231649015,2.2830775799203917,6.795354226053302,0.736888781846691,0.8686924010533207,3.057931085998989,0.7763502418077309
2025-08-06,4364,-27.01185892241131,29.924836407393624,0.36670803796278983,2.665660944715407,6.938746723417406,0.7008521725549295,1.6952947828227418,2.6219931052938654,0.5179120815389444
2025-08-07,4365,-27.055581916808237,30.004005593226402,0.367199073743284,2.905391887130878,6.973932543883938,0.6769655976366968,2.1811986178665506,2.438715861323065,0.37110546677539236
2025-08-08,4366,-27.368928079723112,30.23392270273509,0.36533874753336815,3.189243152811794,7.0710817414299685,0.6519706634345223,3.0198980171480234,2.0851345360580744,0.14753348024939603
2025-08-11,4367,-20.355054919011035,25.752427163203613,0.42928657384200597,2.335001338002826,6.711992715615933,0.7279265784994535,6.465791374432499,2.254893065610606,0.00413795195826503
2025-08-12,4368,-15.58587663001087,22.548864521025415,0.4894370362607031,1.7461651954226272,6.454440247874312,0.7867471208261267,10.587842951861981,4.931663014069434,0.03180034546211348
2025-08-13,4369,0.17796756212251694,9.6696132238061,0.9853159014111682,1.557619912626834,6.427431112372912,0.8085171730073343,18.425778153659213,11.821045475696188,0.11906110057591997
2025-08-14,4370,-13.607668914847007,20.216385744943324,0.5008830549721055,3.523542378115774,6.765642521000177,0.602506540413486,10.419073599006694,5.034651738732846,0.038501764124099495
2025-08-15,4371,-18.10238098445325,24.218655881251834,0.4547883197508472,4.863049968730218,7.307728235461591,0.5057520202159527,5.921201779550294,2.100015456190798,0.0048083674711351726
2025-08-18,4372,-18.63298947133826,24.590621933514488,0.4486141570773241,5.191017166206121,7.308407746975865,0.47753040840613614,5.117487029033199,1.9002333669867486,0.00707945473625143
2025-08-19,4373,-20.886159348723634,26.95531304756332,0.4384319168951053,5.97775022563956,7.732617616834863,0.4394889501546073,0.9140737999688072,3.1817859354948888,0.7738954479725674
2025-08-20,4374,-19.80201385301599,27.00106554766436,0.46332731724946186,5.866814891888227,7.641342946442379,0.44262220615005066,0.6501476736467078,3.2867937369529434,0.8431968154923903
2025-08-21,4375,-19.01908029432023,26.95382218698724,0.4804262306800139,5.778941421077414,7.616707604595569,0.4480206180319164,0.453566038949347,3.369824580183087,0.8929310392828189
2025-08-22,4376,-20.387548820025305,27.55545317667204,0.4593767722774912,5.678814018127608,7.775972907508191,0.46520517753224844,0.9091205810896411,2.9716351028061565,0.7596558287589165
2025-08-25,4377,-19.96299563258837,27.12312185159555,0.46172221762000865,5.967078465421112,8.056143382918528,0.45888340968192864,0.8952629997539979,2.9005160932428864,0.7575828752842776
2025-08-26,4378,-19.816523674472666,26.991179619184148,0.46283589339323383,6.136687917699572,8.154972712306616,0.45174519966405235,0.8894217966072232,2.8988253575448426,0.7589792812566744
2025-08-27,4379,-19.871242824060904,27.074841801979417,0.4629868054965708,6.449808408224949,8.33175557666928,0.43885771771134363,0.4604910387058055,3.207798944057088,0.8858529946359761
2025-08-28,4380,-20.363814199593094,27.25655724326815,0.45499345040493333,6.14501184664186,8.398980467509485,0.4643896515817365,0.09336618156195925,3.5003576739643547,0.9787202882816168
2025-08-29,4381,-20.567873625973224,27.478400464791896,0.45415224242672947,6.488656744698361,8.423062712036998,0.4410957975463685,-0.19026832069636793,3.7506472691689323,0.9595410990385748
2025-09-02,4382,-21.219449372192827,27.463992493302058,0.4397425733877014,6.607620845648696,8.586825783111628,0.4415925082533476,-0.21093277114231518,3.7345193758803177,0.9549579096888268
2025-09-03,4383,-21.36076210993204,27.61555023953285,0.43922365816989795,7.565118599261637,9.218298511098306,0.41183812263969966,-0.01636120111862292,3.5802826783971966,0.9963538341786006
2025-09-04,4384,-21.389317257713625,27.692097514024493,0.43987881242197036,7.807087284561487,9.198268070722381,0.39601695301072337,0.016687948504072386,3.6295242713180427,0.996331472514264
2025-09-05,4385,-21.305614260262427,27.555535432867817,0.4394110210430636,7.553789055517793,9.038622679666663,0.4033104919588,0.14298537394520278,3.5439308520799084,0.967816844546239
2025-09-08,4386,-23.288007618014348,27.7620262847024,0.4015568875725555,6.876631775307222,9.142470772521408,0.45195280906042057,1.5180429368327373,2.821708679289198,0.5905859380278319
2025-09-09,4387,-22.78923230349196,26.996542876801122,0.3985835077891774,6.338554237178206,8.6480936915426,0.4635935829942138,3.087594636004409,2.0892664162015344,0.13945148617306968
2025-09-10,4388,-18.97517323553155,24.82898255557817,0.4447273145759423,3.4550185783689646,8.226117186067778,0.6744810702375879,6.036042471916836,1.8632593838986695,0.0011973637983409982
2025-09-11,4389,-18.336419367367693,24.704973088468897,0.45795664613852716,1.745155600516585,7.430962976954257,0.814325790846864,7.861755325069892,2.688684723425083,0.00345547738420815
2025-09-12,4390,-18.045051193779337,24.326586357654378,0.45821874776115723,1.5985043108886396,7.394292742498957,0.8288467990111481,7.924466004600853,2.7955914912285005,0.0045878864624840565
2025-09-15,4391,-29.50997013023487,31.84168464137651,0.3540451152554158,6.09325149704891,9.604684537778219,0.5258171177750884,2.7892970212740176,2.658571053221724,0.2940991859623311
2025-09-16,4392,-31.111250428057627,31.92973003373477,0.32987473462713923,6.750460775109571,9.775848393288133,0.4898645399777539,2.3733001582439686,2.6017641391943265,0.3616693285993965
2025-09-17,4393,-32.28103022300236,32.76144345658977,0.32445904647489254,7.05469868247998,9.815334579277195,0.4722995561794209,2.1138860900434167,2.716714574593357,0.4365077888391984
2025-09-18,4394,-33.0530407596231,33.47991420280823,0.32352016205406686,6.995947892925234,9.808330045731271,0.47568120048848317,2.0674203880886832,2.7458792120448905,0.4514995183809488
2025-09-19,4395,-31.34678951308095,31.90426996666545,0.3258405526783963,7.507479765180936,10.147144955159586,0.4593841643755555,2.0866449595353664,2.735964300050021,0.4456586855081123
2025-09-22,4396,-34.707508524772194,34.594498864564535,0.31573220111446487,6.566091827798656,9.638898250480242,0.4957400686166521,2.0989721175351543,2.846104453933512,0.4608247332637566
2025-09-23,4397,-40.647986284160716,40.412025599240984,0.314493084530329,5.763913367920766,9.1003732686694,0.5264913371826215,1.6198103172151874,3.2470069945222284,0.6178761906977083
2025-09-24,4398,-41.26128004450903,40.765693464105404,0.31146301520929576,5.49770138612524,8.908240913310125,0.5371372349232217,1.5159230938226047,3.2914220620513253,0.6451087013949401
2025-09-25,4399,-40.90899525754291,40.61793336187547,0.3138550824216628,5.862731163469899,9.197107526420229,0.5238292926121636,1.6441111237222934,3.269940710673814,0.6151081332428543
2025-09-26,4400,-42.24143074847572,42.319811515933765,0.3182076486478723,6.914079046043451,9.955856742110502,0.4873852907884534,1.8461920468475386,3.12687045876997,0.5549037055990604
2025-09-29,4401,-42.82170301408462,42.644529287845096,0.31530407004508776,7.357497514844509,10.348551404284981,0.4771035496069276,1.8774222030730805,3.0181495506023115,0.5339128525122684
2025-09-30,4402,-42.461042152026884,42.466474524019354,0.31737241830291973,8.013306789988189,10.72754430249828,0.4550730593312198,1.7806761934124566,2.913647708470256,0.5411001910505884
2025-10-01,4403,-42.685510752081406,42.79219246485288,0.3185184865623074,7.329308208601799,10.190070961408532,0.4719808716600603,1.7644773335614925,2.91834688616066,0.5454346028505972
2025-10-02,4404,-42.88834096960803,43.19609928543638,0.32077071763708154,7.1466118355063015,10.069893808939636,0.47788968712849966,1.6652071916844513,2.953401614499492,0.5728719624268234
2025-10-03,4405,-43.090076298732,43.97990438878689,0.3272009506206456,6.741287915105159,9.804785664127904,0.49173572005919475,1.5484613956056923,2.9755415024267875,0.6027872461833816
2025-10-06,4406,-42.17058097852012,43.29443666056699,0.33003590016224627,7.283037523907776,10.157700598600105,0.47337615016937173,1.5442188318828125,2.977834456259174,0.6040598802676187
2025-10-07,4407,-41.444044727625034,42.87660250794583,0.3337496245309334,7.508298908909509,10.282672374721077,0.4652743890121881,1.5431448904427467,2.974215491828822,0.6038716356500521
2025-10-08,4408,-41.03248245087804,42.693489764618654,0.3365046047986735,8.03096791758437,10.687037201231666,0.4523709707071749,1.6713225995673906,2.856899878263042,0.5585392036561356
2025-10-09,4409,-40.94486562256933,42.722667232290014,0.33786745055172596,8.121518688070541,10.707972142038747,0.44817843714529126,1.70899708022585,2.846844832706682,0.548297862887035
2025-10-10,4410,-41.06609395355569,42.84832213882837,0.33785801293198114,7.864142950569458,10.53658454500215,0.45544666790882005,1.6788301823752758,2.8780776006922983,0.5596802500666351
2025-10-13,4411,-40.83236147346899,42.88941625583631,0.34107762293061494,7.913346101211035,10.502240864136205,0.4511547957097699,1.7241924446124604,2.909460114095731,0.5534382080150398
2025-10-14,4412,-41.53336117170641,43.52041493911948,0.33991053915364056,8.757805182151035,11.18428265016912,0.4336002369066344,1.7908861225876456,2.8445583872429943,0.528967329453712
2025-10-15,4413,-41.62248161416087,43.7192080917437,0.34107615396100177,9.19937814110603,11.394263442005583,0.41945376685210733,1.9339467686384704,2.7657425356440726,0.4843955144451031
2025-10-16,4414,-38.242195353536594,44.02117113966078,0.38499876376711206,8.80740968605637,11.438934627504691,0.44132945058967565,2.431694726788789,3.0408075912530346,0.4238920854865752
2025-10-17,4415,-36.398246308213885,43.70465669940344,0.4049445224193342,8.622453684036508,11.175508188549374,0.4403815098460889,2.4495149296164693,3.08398289567432,0.4270382960304141
2025-10-20,4416,-36.5621034718902,43.77915420371588,0.4036339926639433,8.583056869857888,11.172460384984513,0.44234855282736185,2.5009923928723063,3.032681265733752,0.409553138220616
2025-10-21,4417,-37.49805107792285,43.71913425181347,0.39105624969356256,8.464340519954735,11.059013951412622,0.4440457067490612,2.1284715961114435,2.9371303278730467,0.468650040961347
2025-10-22,4418,-37.69446186962737,43.838070614045726,0.38986800010907197,8.375461614485756,10.980997894870324,0.44562850449049407,2.1830127808011097,3.04133135035086,0.47289173766773906
2025-10-23,4419,-37.89484923684754,44.47308423822725,0.3941669010505884,8.474968753612398,10.96323491627627,0.43950142706499573,2.2935644768305954,3.088524209303831,0.45771871212506055
2025-10-24,4420,-38.20060524130136,44.775850560447665,0.3935750329203034,8.293548656668456,10.90296504191104,0.446854732735658,2.0848490667569965,3.230516050863089,0.5186932712118941
2025-10-27,4421,-37.517551850487635,44.62541998509447,0.4005039501143207,8.379493076005867,11.027449964116105,0.4473287896562862,2.064193363080329,3.068585433860465,0.5011473038267757
2025-10-28,4422,-37.14471452880581,44.594169009387066,0.4048729105149701,8.324551096194597,11.055688161997313,0.4514706823193222,2.045541018371544,3.0927999884811013,0.508363474047945
2025-10-29,4423,-37.17796833808369,44.90638314924133,0.40772746629575163,8.582695421548284,10.773622955583749,0.4256603319697363,2.1090148474903274,3.449603409259325,0.5409487470079775
2025-10-30,4424,-37.23380433281817,45.0911849570491,0.4089489632371267,8.805352983670726,10.573352106393784,0.4049647182124554,2.0746853867316655,3.5865407580287534,0.5629507689268549
2025-10-31,4425,-37.433216373284395,45.32866919901097,0.40890752406118724,8.68911581390722,10.406559498007114,0.403737260198475,2.0890410902892738,3.6680776758546685,0.5690037657696949
2025-11-03,4426,-37.024812758892715,45.094859519660886,0.41162185123023265,8.950325267961095,10.551792155669801,0.39631102170839816,2.172140504466166,3.59862083105025,0.5461072158793527
2025-11-04,4427,-35.533185629029454,45.126910588207856,0.43104442394178544,9.710704413040306,10.21304480404435,0.3416988824129218,2.32422249832588,3.6337138174260013,0.5224149403733191
2025-11-05,4428,-37.20467790772219,45.64829615763903,0.4150558015084521,9.376352772051435,10.4084992760955,0.367675425535538,2.4319534262096867,3.4082657705220636,0.47550813710967654
2025-11-06,4429,-37.256569649162266,45.22803323470966,0.4100819085315822,9.797261137193502,11.141120678122446,0.37919612703674177,2.82266736045743,3.0324751827212015,0.3519502973441233
2025-11-07,4430,-37.111717500456535,46.503371587520085,0.42484519620417727,11.20845110332156,10.88031993567456,0.3029357351231383,3.4110613341623814,2.938683922863242,0.24574580071069196
2025-11-10,4431,-36.72903189590574,46.32994131551928,0.4279112807332739,11.126072867763053,10.915272124934722,0.3080546510737543,3.392600858653001,2.930246200209474,0.24695098355501688
2025-11-11,4432,-37.16757158056555,46.57144471689997,0.42482614785174777,11.038772850954047,11.529853384699548,0.33836140668244286,3.2975425813616073,2.761760912445838,0.23247796070204063
2025-11-12,4433,-35.231243018581054,44.79685701731847,0.43159403279099706,11.246950383257174,11.114661191285329,0.3115848056034457,3.174340723610493,3.0402794062475587,0.29644140899092375
2025-11-13,4434,-34.52557384503432,44.58092655685681,0.4386663792620915,11.791439284820608,11.402924713798352,0.3011027459796358,2.92948123914214,3.1507673535439795,0.352491451687167
2025-11-14,4435,-34.21584194868489,44.36241865214879,0.44054104193658983,12.032394954735896,11.516618352102913,0.29612215441701506,2.85222724086224,3.1817572343181886,0.37002237830491824
2025-11-17,4436,-34.01082088133921,44.53029862038504,0.4450054592148064,11.81802608948673,11.32539866866869,0.296717901607107,3.1084543506198643,3.1231180520765314,0.31958804980629163
2025-11-18,4437,-34.65910044143674,45.54388498471667,0.4466543922911206,11.532598380718557,10.945166402933005,0.2920338236075306,3.4223513246609554,2.8926086561321847,0.2367549935032801
2025-11-19,4438,-35.056908406328155,45.90728048664024,0.4450782639722909,11.400209995356866,10.861310826946696,0.2938945127521979,3.774167143622632,2.6688220481284515,0.15731209663423829
2025-11-20,4439,-34.56603151847042,45.89155272721153,0.45132300986372265,11.606068410246271,10.672001577089713,0.27680486050705955,3.8455858398465876,2.826346396820775,0.17363353876887788
2025-11-21,4440,-37.32198019804075,46.799746750931796,0.4251708479990589,9.64340495918151,9.920133149060891,0.3309986196197495,3.8391128527156013,2.72630532346722,0.15907949012098932
2025-11-24,4441,-37.787478810028546,47.13699756836845,0.4227541608153218,9.358669486715781,9.731422008734654,0.3362023391286061,4.000423668762738,2.634828771906597,0.1289423123798089
2025-11-25,4442,-37.06910206146928,46.37938376385907,0.4241407201005176,10.185433845061835,9.317716195556928,0.2743386697490947,3.973181118374101,2.7326955806755446,0.14596236275789706
2025-11-26,4443,-37.04308710664939,46.10159865899516,0.421680124855481,9.573781130019423,9.038503951404136,0.2894987435581938,4.039645049737823,2.6816050758634074,0.13195732980462563
2025-11-28,4444,-37.02477762391351,46.21962458513084,0.4230958449811275,8.861337698311816,9.6543647693312,0.3586931170836095,3.9047361207897344,2.5617092190494,0.12744131610009943
2025-12-01,4445,-38.31354364055189,47.62624838003411,0.42112976304581984,9.71299177418507,10.51174471385115,0.3554793985218343,3.815931997322559,2.608980991596594,0.14357304352724112
2025-12-02,4446,-38.69627972479009,47.95142087708664,0.41967269397810936,10.26976846010024,9.784121279996768,0.29388537970589035,4.25248793670131,2.6403061505980028,0.1072660375397307
2025-12-03,4447,-38.53371094860399,47.65458647872926,0.4187427011859468,9.968511697400396,9.369546774235289,0.28736187184077155,4.339724240359128,2.77756187496339,0.11818856868189591
2025-12-04,4448,-37.58578137066969,46.7523822969647,0.42143568998787406,10.475010457068763,9.805982116030732,0.2854183306998681,4.017652004557514,3.0424954703051013,0.18666410742399442
2025-12-05,4449,-36.61670295982121,45.956421886790196,0.42558456196007244,9.65010377874495,9.676735310249288,0.31864420526272796,4.016241366192741,2.9702679790428905,0.17632803292430976
2025-12-08,4450,-36.91844738142442,46.23089606025988,0.424541787328946,9.713673329075075,9.752843837909504,0.319258073120251,4.118149906744298,2.9142693780659825,0.1576267420362243
2025-12-09,4451,-36.145972515208776,45.583649599584405,0.4278016172257596,9.700253480256478,9.820558039138147,0.3232752362590504,3.959885143881579,2.9951134807256663,0.18612978354563314
2025-12-10,4452,-36.231255588752546,45.53837864345311,0.4262528007408316,9.18191065940649,9.501852363513494,0.3338798336386284,4.068975944092532,2.9323833158161303,0.16525879262545884
2025-12-11,4453,-35.94883474724228,45.26592191066761,0.4270965023578348,9.310179260253797,9.584531610377724,0.3313613203672783,3.950496743126344,3.0798306384012433,0.19959742941832204
2025-12-12,4454,-36.126490901687085,45.39686251588708,0.42615254686839454,9.056790055947777,9.415784008108954,0.33611331500879527,4.0638277591217875,2.990374730811064,0.17415628486370738
2025-12-15,4455,-35.97384909474912,45.24230381380786,0.4265335648806089,8.51481227526974,8.846788942495289,0.3358111071319423,4.518356053547843,2.85470544239206,0.11347278498862491
2025-12-16,4456,-35.4292531655667,44.85261188395036,0.42958389210940573,7.961999725652509,8.515420262405863,0.3497833501103239,4.827720419849876,2.7234908541976397,0.07629132631051547
2025-12-17,4457,-35.23641023513047,44.984492468444216,0.43345021561345987,8.165955673720473,8.450113623973253,0.33385792349487375,4.70977895741196,2.908417237279707,0.10536950117167629
2025-12-18,4458,-35.208135355258364,44.95519198352894,0.4335197447443133,6.9960229795655025,7.533602134144315,0.3530743984715805,5.078758533424334,2.731772159179841,0.06300669290872173
2025-12-19,4459,-36.40452247950008,45.88726601667208,0.4275757104661485,6.809324062465112,7.304525858932767,0.35122998830144336,4.930863325501986,2.777129010752305,0.07581116187592069
2025-12-22,4460,-36.23129923456041,45.912065815788374,0.4300269826531714,7.052482419293687,7.356875164760623,0.3377478330243546,4.920666249188345,2.8359888343559856,0.08272671478323862
2025-12-23,4461,-37.13482962719124,46.34896110540752,0.4230153468406874,6.671352029895422,7.079424376214305,0.3460093946746722,4.854753935007617,2.8265366095980395,0.08587640331492433
2025-12-24,4462,-37.41416676459417,46.351037596626654,0.41955612233474804,6.668820608346723,7.060761838504097,0.3449191895460859,4.867133174819804,2.820074302183511,0.0843675143728667
2025-12-26,4463,-37.20880448419473,46.13010041844972,0.41989365693920755,7.2021160977172896,7.516441100267153,0.3379711577482567,5.016224468309118,2.6903623263866456,0.06224923170022727
2025-12-29,4464,-37.28162696482245,46.07798605136107,0.4184585213733355,6.93321806128081,7.729626409256881,0.36973664713671495,4.974821101641979,2.628279483913638,0.058383778412768365
2025-12-30,4465,-37.54211792209387,45.969495957425345,0.41411443288242644,6.275443662386909,7.618797851936739,0.41012198468890726,4.650860873575816,2.0902926705272122,0.026082533029825224
2025-12-31,4466,-37.88703778806906,46.15609550341029,0.4117340988726892,6.33166726560823,7.460573273968267,0.3960572935822272,5.117512243436543,2.451937607756553,0.0368763958061397
2026-01-02,4467,-37.62798436396293,45.43139602514458,0.40753602913273124,5.842045681492322,7.5914059625620895,0.4415606816331681,5.337268259675844,2.2958951053206977,0.020087986118171003
2026-01-05,4468,-37.43439831281361,45.242493883277746,0.4080008766611861,5.838130332178532,7.763602966555495,0.45205873503652083,5.182345370390249,2.1424598100463315,0.015568531243812592
2026-01-06,4469,-37.24128277939173,45.07919138119427,0.4087302204615024,5.891715397993063,7.792103700696669,0.4495811026799422,5.156598843923247,2.2782873570004996,0.023613117870346364
2026-01-07,4470,-37.47686962303362,45.20104839632166,0.4070393068264814,6.146912183335393,7.853525087777666,0.4338064361874924,5.393754858184937,2.4316195029355105,0.026542979225298927
2026-01-08,4471,-37.57842698826224,45.863735362272095,0.4125870588751398,6.367359530364182,8.066416899413394,0.4298978112184634,5.570669765162728,2.3987416032937214,0.020215169382938394
2026-01-09,4472,-37.085545871782884,45.76096602584521,0.41769953272715277,6.43151720707524,8.125656297793943,0.4286479511923852,5.49216714305248,2.3935709643182905,0.021758953184642882
2026-01-12,4473,-36.526754374084746,45.43678071389775,0.4214531238616649,6.18849201945595,7.985637747899803,0.43836757387223135,5.3140542740207675,2.4249944778206687,0.028425203405212308
2026-01-13,4474,-36.62173292738215,45.30036146594689,0.41884865552935324,6.222490830190139,7.957919564809733,0.4342590524336266,4.905591280762125,2.2554928449388734,0.02963362694811417
2026-01-14,4475,-36.65472881515414,45.41306289376922,0.4195854582175511,6.421410234268454,7.993233946513012,0.42176915914664603,4.910877513194404,2.162831997422026,0.023172571197322453
2026-01-15,4476,-35.876296781901786,45.34728912335014,0.42885917978228094,6.869317937981146,7.996050206695201,0.3902914734678452,5.0814054202553205,2.0919102097682414,0.015137428001988583
2026-01-16,4477,-36.37148617903405,45.39921630802157,0.42304603673216856,7.070858765150009,8.095592771993335,0.38243378136190453,5.665635526572756,2.170707349320293,0.009053132944006602
2026-01-20,4478,-36.38677428938987,45.340977164486176,0.4222556252014291,7.3664788256317415,8.156205777890168,0.36643317541613674,5.6947763919639405,2.3287421571050246,0.014467945186994641
2026-01-21,4479,-36.95794489121596,45.6478540707025,0.4181519437159218,7.474693088306922,8.22988995844243,0.3637528576828498,5.9033046347557345,2.410517411375443,0.01432621114789398
2026-01-22,4480,-45.260851442379575,49.711099514860315,0.36257059571961137,8.656178605365206,8.646429760510506,0.3167651717486323,2.9959048789559177,3.5703008913003162,0.4014029176997702
2026-01-23,4481,-43.99489381893012,48.18462028373315,0.3612170500838051,8.816166588135232,8.802457194229167,0.3165573798078395,4.859863682550498,2.866001292411685,0.08994368097935515
2026-01-26,4482,-41.88736562684843,47.99546768399401,0.38280706855105306,9.880512283821519,8.951404361541101,0.26968222423433585,6.162069600030622,2.4470892404980735,0.011798239928239671
2026-01-27,4483,-42.08311202707565,47.9251867760516,0.3798893904974172,9.619750714617492,8.81549699123851,0.275170895277836,6.467348218883328,2.3868673937477602,0.0067373556052352235
2026-01-28,4484,-42.024718688216325,47.92585482916032,0.3805575431514625,8.250106773126102,8.552013844294171,0.3346963245137583,6.897254820115331,2.198106877121939,0.0017021171884355076
2026-01-29,4485,-41.61085338528708,47.57475458814155,0.3817690149461771,8.521760987931684,8.619442591170241,0.3228259493999892,7.452241825206191,2.3854744682179314,0.0017840547831008123
2026-01-30,4486,-41.40849844712001,47.302221610001034,0.3813547629836652,8.553111544508814,8.713736590415143,0.32631347970485425,7.38091210244671,2.392133376289133,0.0020321463188273632
2026-02-02,4487,-41.705209975725545,47.12960344950523,0.37620800572969126,8.309414450091097,8.688735837949082,0.3388988120991976,7.4229712136538,2.2202887750547595,0.0008280450679032244
2026-02-03,4488,-40.315889594254806,47.10730283489944,0.39209127129633825,8.04821468341981,8.596666720056994,0.3491693070187313,7.8444741059345775,2.278620341090468,0.0005760613295273971
2026-02-04,4489,-39.99548953957597,47.242954397153895,0.39722278356740703,7.579713864721982,8.251375667799177,0.35830482080825365,8.582141119212103,2.3094824354465926,0.00020236539602460572
2026-02-05,4490,-38.62168207106422,46.42232075655932,0.405429478956743,8.280187470784096,8.51628178267088,0.33091261289629315,8.238327986998565,2.4078166443961346,0.0006227830978083116
2026-02-06,4491,-38.33663715227766,45.01995048502471,0.3944651549480882,8.215212785257725,8.724214379940529,0.346368555924615,8.250374617113946,2.3768622535048727,0.0005182919109871712
2026-02-09,4492,-38.54406464565239,44.88421732684953,0.39048161793125113,8.032021764005428,8.69698065984791,0.3557251318027802,8.231304783873133,2.385401456937877,0.0005591347342190133
2026-02-10,4493,-38.730160806218116,44.22575945437282,0.38117269522203734,8.027932471119021,9.345135395779398,0.39031329063178966,8.106050086283474,2.2937749599768047,0.0004094227837517786
2026-02-11,4494,-38.14834578992204,44.130914374854704,0.3873484898748414,8.311838386137644,9.322133044812682,0.37259445387538626,8.13043276272876,2.4295831761827613,0.0008185901264625918
2026-02-12,4495,-37.95948411428356,44.24547527590595,0.3909315729039837,7.398740085695464,8.105257769062698,0.36133081302041625,8.192893631626644,2.4289270481031893,0.0007434031260901994
2026-02-13,4496,-38.14945542282174,44.48444870930009,0.3911184387076574,7.387971481068783,8.16785816437336,0.36572100508123007,8.092753291697704,2.412421934465323,0.0007947473893885769
2026-02-17,4497,-37.429202220306685,44.28493904062113,0.3980045807786965,7.682733758320252,7.627867054996974,0.31384207058636915,8.281698755251233,2.413773860099878,0.0006013232763863308
2026-02-18,4498,-35.50075361442422,42.28159996872668,0.4011178120779496,8.027131401244425,7.835182581930331,0.3055999633857098,8.2783805537029,2.443926664507066,0.0007057702550189502
2026-02-19,4499,-35.349774073036365,42.064035806671846,0.40069536373697134,8.529797848036566,8.22996827927399,0.30000091060292555,8.19929448014042,2.441523949238502,0.0007843221214355713
2026-02-20,4500,-35.56553807990359,42.28012267371914,0.40024253925123277,8.811323582417259,8.390636804017841,0.2936548325775682,8.11061243626553,2.4376879902128183,0.0008773153075130757
2026-02-23,4501,-35.01203188105579,41.74213449880267,0.40159863420832187,8.309803163054951,7.811143084819392,0.2874013786414441,8.152294218377198,2.4533581463555545,0.0008908288310204922
2026-02-24,4502,-35.592867611061514,41.74784967410451,0.39389908847036414,7.255931168825654,7.917283752150663,0.3594218836101495,8.087146632349834,2.4323940604923355,0.0008849204740195223
2026-02-25,4503,-35.612833840296,41.648734078750664,0.39250906318522927,6.802212170991752,7.576366637794193,0.36928161346060284,8.100056733765149,2.4271138536431476,0.0008459035265425745
2026-02-26,4504,-35.73905267218973,41.49102328241806,0.38903522305277316,6.748467500174435,7.096942522190684,0.3416562251677884,8.123671495829047,2.4400386812599413,0.0008705807153404798
2026-02-27,4505,-35.937326413605554,41.39281122943731,0.3852836945231829,6.7532723223202815,7.013481332572061,0.3355983430995322,8.060895966992694,2.4452296335356927,0.0009786961441050526
2026-03-02,4506,-35.86421336610852,41.25820946133517,0.38470358143570993,6.576013099447118,6.948228649558243,0.34392923227664096,8.015604061262785,2.44766570452341,0.0010573857495855673
2026-03-03,4507,-35.92739366888773,41.40190260604649,0.38551940135786156,6.625793586933402,7.032328026123816,0.34609504928870016,8.004063331978456,2.439684392301571,0.0010352112240196178
2026-03-04,4503,-35.94903790528005,41.366098306622334,0.3848220286142108,6.596678531379207,7.018841593285867,0.34729302667121364,7.968039843018901,2.4441213117430856,0.0011137937296131595
